   0.00000000       36.0000000    
   1.99999996E-02   36.0099983    
   3.99999991E-02   36.0200005    
   5.99999987E-02   36.0299988    
   7.99999982E-02   36.0400009    
   9.99999940E-02   36.0499992    
  0.119999997       36.0600014    
  0.140000001       36.0699997    
  0.159999996       36.0800018    
  0.179999992       36.0900002    
  0.199999988       36.0999985    
  0.219999999       36.1100006    
  0.239999995       36.1199989    
  0.259999990       36.1300011    
  0.280000001       36.1399994    
  0.299999982       36.1500015    
  0.319999993       36.1599998    
  0.340000004       36.1699982    
  0.359999985       36.1800003    
  0.379999995       36.1899986    
  0.399999976       36.2000008    
  0.419999987       36.2099991    
  0.439999998       36.2200012    
  0.459999979       36.2299995    
  0.479999989       36.2400017    
  0.500000000       36.2500000    
  0.519999981       36.2599983    
  0.539999962       36.2700005    
  0.560000002       36.2799988    
  0.579999983       36.2900009    
  0.599999964       36.2999992    
  0.620000005       36.3100014    
  0.639999986       36.3199997    
  0.659999967       36.3300018    
  0.680000007       36.3400002    
  0.699999988       36.3499985    
  0.719999969       36.3600006    
  0.740000010       36.3699989    
  0.759999990       36.3800011    
  0.779999971       36.3899994    
  0.799999952       36.4000015    
  0.819999993       36.4099998    
  0.839999974       36.4199982    
  0.859999955       36.4300003    
  0.879999995       36.4399986    
  0.899999976       36.4500008    
  0.919999957       36.4599991    
  0.939999998       36.4700012    
  0.959999979       36.4799995    
  0.979999959       36.4900017    
   1.00000000       36.5000000    
   1.01999998       36.5099983    
   1.03999996       36.5200005    
   1.05999994       36.5299988    
   1.07999992       36.5400009    
   1.10000002       36.5499992    
   1.12000000       36.5600014    
   1.13999999       36.5699997    
   1.15999997       36.5800018    
   1.17999995       36.5900002    
   1.19999993       36.5999985    
   1.22000003       36.6100006    
   1.24000001       36.6199989    
   1.25999999       36.6300011    
   1.27999997       36.6399994    
   1.29999995       36.6500015    
   1.31999993       36.6599998    
   1.33999991       36.6699982    
   1.36000001       36.6800003    
   1.38000000       36.6899986    
   1.39999998       36.7000008    
   1.41999996       36.7099991    
   1.43999994       36.7200012    
   1.45999992       36.7299995    
   1.48000002       36.7400017    
   1.50000000       36.7500000    
   1.51999998       36.7599983    
   1.53999996       36.7700005    
   1.55999994       36.7799988    
   1.57999992       36.7900009    
   1.59999990       36.7999992    
   1.62000000       36.8100014    
   1.63999999       36.8199997    
   1.65999997       36.8300018    
   1.67999995       36.8400002    
   1.69999993       36.8499985    
   1.71999991       36.8600006    
   1.74000001       36.8699989    
   1.75999999       36.8800011    
   1.77999997       36.8899994    
   1.79999995       36.9000015    
   1.81999993       36.9099998    
   1.83999991       36.9199982    
   1.86000001       36.9300003    
   1.88000000       36.9399986    
   1.89999998       36.9500008    
   1.91999996       36.9599991    
   1.93999994       36.9700012    
   1.95999992       36.9799995    
   1.97999990       36.9900017    
   2.00000000       37.0000000    
   2.01999998       37.0099983    
   2.03999996       37.0200005    
   2.05999994       37.0299988    
   2.07999992       37.0400009    
   2.09999990       37.0499992    
   2.11999989       37.0600014    
   2.13999987       37.0699997    
   2.15999985       37.0800018    
   2.18000007       37.0900002    
   2.20000005       37.0999985    
   2.22000003       37.1100006    
   2.24000001       37.1199989    
   2.25999999       37.1300011    
   2.27999997       37.1399994    
   2.29999995       37.1500015    
   2.31999993       37.1599998    
   2.33999991       37.1699982    
   2.35999990       37.1800003    
   2.37999988       37.1899986    
   2.39999986       37.2000008    
   2.41999984       37.2099991    
   2.44000006       37.2200012    
   2.46000004       37.2299995    
   2.48000002       37.2400017    
   2.50000000       37.2500000    
   2.51999998       37.2599983    
   2.53999996       37.2700005    
   2.55999994       37.2799988    
   2.57999992       37.2900009    
   2.59999990       37.2999992    
   2.61999989       37.3100014    
   2.63999987       37.3199997    
   2.65999985       37.3300018    
   2.67999983       37.3400002    
   2.70000005       37.3499985    
   2.72000003       37.3600006    
   2.74000001       37.3699989    
   2.75999999       37.3800011    
   2.77999997       37.3899994    
   2.79999995       37.4000015    
   2.81999993       37.4099998    
   2.83999991       37.4199982    
   2.85999990       37.4300003    
   2.87999988       37.4399986    
   2.89999986       37.4500008    
   2.91999984       37.4599991    
   2.93999982       37.4700012    
   2.96000004       37.4799995    
   2.98000002       37.4900017    
   3.00000000       37.5000000    
   3.01999998       37.5099983    
   3.03999996       37.5200005    
   3.05999994       37.5299988    
   3.07999992       37.5400009    
   3.09999990       37.5499992    
   3.11999989       37.5600014    
   3.13999987       37.5699997    
   3.15999985       37.5800018    
   3.17999983       37.5900002    
   3.19999981       37.5999985    
   3.22000003       37.6100006    
   3.24000001       37.6199989    
   3.25999999       37.6300011    
   3.27999997       37.6399994    
   3.29999995       37.6500015    
   3.31999993       37.6599998    
   3.33999991       37.6699982    
   3.35999990       37.6800003    
   3.37999988       37.6899986    
   3.39999986       37.7000008    
   3.41999984       37.7099991    
   3.43999982       37.7200012    
   3.46000004       37.7299995    
   3.48000002       37.7400017    
   3.50000000       37.7500000    
   3.51999998       37.7599983    
   3.53999996       37.7700005    
   3.55999994       37.7799988    
   3.57999992       37.7900009    
   3.59999990       37.7999992    
   3.61999989       37.8100014    
   3.63999987       37.8199997    
   3.65999985       37.8300018    
   3.67999983       37.8400002    
   3.69999981       37.8499985    
   3.72000003       37.8600006    
   3.74000001       37.8699989    
   3.75999999       37.8800011    
   3.77999997       37.8899994    
   3.79999995       37.9000015    
   3.81999993       37.9099998    
   3.83999991       37.9199982    
   3.85999990       37.9300003    
   3.87999988       37.9399986    
   3.89999986       37.9500008    
   3.91999984       37.9599991    
   3.93999982       37.9700012    
   3.95999980       37.9799995    
   3.98000002       37.9900017    
   4.00000000       38.0000000    
   4.01999998       38.0099983    
   4.03999996       38.0200005    
   4.05999994       38.0299988    
   4.07999992       38.0400009    
   4.09999990       38.0499992    
   4.11999989       38.0600014    
   4.13999987       38.0699997    
   4.15999985       38.0800018    
   4.17999983       38.0900002    
   4.19999981       38.0999985    
   4.21999979       38.1100006    
   4.23999977       38.1199989    
   4.25999975       38.1300011    
   4.27999973       38.1399994    
   4.29999971       38.1500015    
   4.31999969       38.1599998    
   4.33999968       38.1699982    
   4.36000013       38.1800003    
   4.38000011       38.1899986    
   4.40000010       38.2000008    
   4.42000008       38.2099991    
   4.44000006       38.2200012    
   4.46000004       38.2299995    
   4.48000002       38.2400017    
   4.50000000       38.2500000    
   4.51999998       38.2599983    
   4.53999996       38.2700005    
   4.55999994       38.2799988    
   4.57999992       38.2900009    
   4.59999990       38.2999992    
   4.61999989       38.3100014    
   4.63999987       38.3199997    
   4.65999985       38.3300018    
   4.67999983       38.3400002    
   4.69999981       38.3499985    
   4.71999979       38.3600006    
   4.73999977       38.3699989    
   4.75999975       38.3800011    
   4.77999973       38.3899994    
   4.79999971       38.4000015    
   4.81999969       38.4099998    
   4.83999968       38.4199982    
   4.85999966       38.4300003    
   4.88000011       38.4399986    
   4.90000010       38.4500008    
   4.92000008       38.4599991    
   4.94000006       38.4700012    
   4.96000004       38.4799995    
   4.98000002       38.4900017    
   5.00000000       38.5000000    
   5.01999998       38.5099983    
   5.03999996       38.5200005    
   5.05999994       38.5299988    
   5.07999992       38.5400009    
   5.09999990       38.5499992    
   5.11999989       38.5600014    
   5.13999987       38.5699997    
   5.15999985       38.5800018    
   5.17999983       38.5900002    
   5.19999981       38.5999985    
   5.21999979       38.6100006    
   5.23999977       38.6199989    
   5.25999975       38.6300011    
   5.27999973       38.6399994    
   5.29999971       38.6500015    
   5.31999969       38.6599998    
   5.33999968       38.6699982    
   5.35999966       38.6800003    
   5.38000011       38.6899986    
   5.40000010       38.7000008    
   5.42000008       38.7099991    
   5.44000006       38.7200012    
   5.46000004       38.7299995    
   5.48000002       38.7400017    
   5.50000000       38.7500000    
   5.51999998       38.7599983    
   5.53999996       38.7700005    
   5.55999994       38.7799988    
   5.57999992       38.7900009    
   5.59999990       38.7999992    
   5.61999989       38.8100014    
   5.63999987       38.8199997    
   5.65999985       38.8300018    
   5.67999983       38.8400002    
   5.69999981       38.8499985    
   5.71999979       38.8600006    
   5.73999977       38.8699989    
   5.75999975       38.8800011    
   5.77999973       38.8899994    
   5.79999971       38.9000015    
   5.81999969       38.9099998    
   5.83999968       38.9199982    
   5.85999966       38.9300003    
   5.87999964       38.9399986    
   5.90000010       38.9500008    
   5.92000008       38.9599991    
   5.94000006       38.9700012    
   5.96000004       38.9799995    
   5.98000002       38.9900017    
   6.00000000       39.0000000    
   6.01999998       39.0099983    
   6.03999996       39.0200005    
   6.05999994       39.0299988    
   6.07999992       39.0400009    
   6.09999990       39.0499992    
   6.11999989       39.0600014    
   6.13999987       39.0699997    
   6.15999985       39.0800018    
   6.17999983       39.0900002    
   6.19999981       39.0999985    
   6.21999979       39.1100006    
   6.23999977       39.1199989    
   6.25999975       39.1300011    
   6.27999973       39.1399994    
   6.29999971       39.1500015    
   6.31999969       39.1599998    
   6.33999968       39.1699982    
   6.35999966       39.1800003    
   6.37999964       39.1899986    
   6.39999962       39.2000008    
   6.42000008       39.2099991    
   6.44000006       39.2200012    
   6.46000004       39.2299995    
   6.48000002       39.2400017    
   6.50000000       39.2500000    
   6.51999998       39.2599983    
   6.53999996       39.2700005    
   6.55999994       39.2799988    
   6.57999992       39.2900009    
   6.59999990       39.2999992    
   6.61999989       39.3100014    
   6.63999987       39.3199997    
   6.65999985       39.3300018    
   6.67999983       39.3400002    
   6.69999981       39.3499985    
   6.71999979       39.3600006    
   6.73999977       39.3699989    
   6.75999975       39.3800011    
   6.77999973       39.3899994    
   6.79999971       39.4000015    
   6.81999969       39.4099998    
   6.83999968       39.4199982    
   6.85999966       39.4300003    
   6.87999964       39.4399986    
   6.89999962       39.4500008    
   6.92000008       39.4599991    
   6.94000006       39.4700012    
   6.96000004       39.4799995    
   6.98000002       39.4900017    
   7.00000000       39.5000000    
   7.01999998       39.5099983    
   7.03999996       39.5200005    
   7.05999994       39.5299988    
   7.07999992       39.5400009    
   7.09999990       39.5499992    
   7.11999989       39.5600014    
   7.13999987       39.5699997    
   7.15999985       39.5800018    
   7.17999983       39.5900002    
   7.19999981       39.5999985    
   7.21999979       39.6100006    
   7.23999977       39.6199989    
   7.25999975       39.6300011    
   7.27999973       39.6399994    
   7.29999971       39.6500015    
   7.31999969       39.6599998    
   7.33999968       39.6699982    
   7.35999966       39.6800003    
   7.37999964       39.6899986    
   7.39999962       39.7000008    
   7.41999960       39.7099991    
   7.44000006       39.7200012    
   7.46000004       39.7299995    
   7.48000002       39.7400017    
   7.50000000       39.7500000    
   7.51999998       39.7599983    
   7.53999996       39.7700005    
   7.55999994       39.7799988    
   7.57999992       39.7900009    
   7.59999990       39.7999992    
   7.61999989       39.8100014    
   7.63999987       39.8199997    
   7.65999985       39.8300018    
   7.67999983       39.8400002    
   7.69999981       39.8499985    
   7.71999979       39.8600006    
   7.73999977       39.8699989    
   7.75999975       39.8800011    
   7.77999973       39.8899994    
   7.79999971       39.9000015    
   7.81999969       39.9099998    
   7.83999968       39.9199982    
   7.85999966       39.9300003    
   7.87999964       39.9399986    
   7.89999962       39.9500008    
   7.91999960       39.9599991    
   7.94000006       39.9700012    
   7.96000004       39.9799995    
   7.98000002       39.9900017    
   8.00000000       40.0000000    
   8.01999950       40.0099983    
   8.03999996       40.0200005    
   8.05999947       40.0299988    
   8.07999992       40.0400009    
   8.09999943       40.0499992    
   8.11999989       40.0600014    
   8.13999939       40.0699997    
   8.15999985       40.0800018    
   8.17999935       40.0900002    
   8.19999981       40.0999985    
   8.22000027       40.1100006    
   8.23999977       40.1199989    
   8.26000023       40.1300011    
   8.27999973       40.1399994    
   8.30000019       40.1500015    
   8.31999969       40.1599998    
   8.34000015       40.1699982    
   8.35999966       40.1800003    
   8.38000011       40.1899986    
   8.39999962       40.2000008    
   8.42000008       40.2099991    
   8.43999958       40.2200012    
   8.46000004       40.2299995    
   8.47999954       40.2399979    
   8.50000000       40.2500000    
   8.51999950       40.2599983    
   8.53999996       40.2700005    
   8.55999947       40.2799988    
   8.57999992       40.2900009    
   8.59999943       40.2999992    
   8.61999989       40.3100014    
   8.63999939       40.3199997    
   8.65999985       40.3300018    
   8.67999935       40.3400002    
   8.69999981       40.3499985    
   8.72000027       40.3600006    
   8.73999977       40.3699989    
   8.76000023       40.3800011    
   8.77999973       40.3899994    
   8.80000019       40.4000015    
   8.81999969       40.4099998    
   8.84000015       40.4199982    
   8.85999966       40.4300003    
   8.88000011       40.4399986    
   8.89999962       40.4500008    
   8.92000008       40.4599991    
   8.93999958       40.4700012    
   8.96000004       40.4799995    
   8.97999954       40.4899979    
   9.00000000       40.5000000    
   9.01999950       40.5099983    
   9.03999996       40.5200005    
   9.05999947       40.5299988    
   9.07999992       40.5400009    
   9.09999943       40.5499992    
   9.11999989       40.5600014    
   9.13999939       40.5699997    
   9.15999985       40.5800018    
   9.17999935       40.5900002    
   9.19999981       40.5999985    
   9.22000027       40.6100006    
   9.23999977       40.6199989    
   9.26000023       40.6300011    
   9.27999973       40.6399994    
   9.30000019       40.6500015    
   9.31999969       40.6599998    
   9.34000015       40.6699982    
   9.35999966       40.6800003    
   9.38000011       40.6899986    
   9.39999962       40.7000008    
   9.42000008       40.7099991    
   9.43999958       40.7200012    
   9.46000004       40.7299995    
   9.47999954       40.7399979    
   9.50000000       40.7500000    
   9.51999950       40.7599983    
   9.53999996       40.7700005    
   9.55999947       40.7799988    
   9.57999992       40.7900009    
   9.59999943       40.7999992    
   9.61999989       40.8100014    
   9.63999939       40.8199997    
   9.65999985       40.8300018    
   9.67999935       40.8400002    
   9.69999981       40.8499985    
   9.71999931       40.8600006    
   9.73999977       40.8699989    
   9.76000023       40.8800011    
   9.77999973       40.8899994    
   9.80000019       40.9000015    
   9.81999969       40.9099998    
   9.84000015       40.9199982    
   9.85999966       40.9300003    
   9.88000011       40.9399986    
   9.89999962       40.9500008    
   9.92000008       40.9599991    
   9.93999958       40.9700012    
   9.96000004       40.9799995    
   9.97999954       40.9899979    
   10.0000000       41.0000000    
   10.0199995       41.0099983    
   10.0400000       41.0200005    
   10.0599995       41.0299988    
   10.0799999       41.0400009    
   10.0999994       41.0499992    
   10.1199999       41.0600014    
   10.1399994       41.0699997    
   10.1599998       41.0800018    
   10.1799994       41.0900002    
   10.1999998       41.0999985    
   10.2199993       41.1100006    
   10.2399998       41.1199989    
   10.2600002       41.1300011    
   10.2799997       41.1399994    
   10.3000002       41.1500015    
   10.3199997       41.1599998    
   10.3400002       41.1699982    
   10.3599997       41.1800003    
   10.3800001       41.1899986    
   10.3999996       41.2000008    
   10.4200001       41.2099991    
   10.4399996       41.2200012    
   10.4600000       41.2299995    
   10.4799995       41.2399979    
   10.5000000       41.2500000    
   10.5199995       41.2599983    
   10.5400000       41.2700005    
   10.5599995       41.2799988    
   10.5799999       41.2900009    
   10.5999994       41.2999992    
   10.6199999       41.3100014    
   10.6399994       41.3199997    
   10.6599998       41.3300018    
   10.6799994       41.3400002    
   10.6999998       41.3499985    
   10.7199993       41.3600006    
   10.7399998       41.3699989    
   10.7600002       41.3800011    
   10.7799997       41.3899994    
   10.8000002       41.4000015    
   10.8199997       41.4099998    
   10.8400002       41.4199982    
   10.8599997       41.4300003    
   10.8800001       41.4399986    
   10.8999996       41.4500008    
   10.9200001       41.4599991    
   10.9399996       41.4700012    
   10.9600000       41.4799995    
   10.9799995       41.4899979    
   11.0000000       41.5000000    
   11.0199995       41.5099983    
   11.0400000       41.5200005    
   11.0599995       41.5299988    
   11.0799999       41.5400009    
   11.0999994       41.5499992    
   11.1199999       41.5600014    
   11.1399994       41.5699997    
   11.1599998       41.5800018    
   11.1799994       41.5900002    
   11.1999998       41.5999985    
   11.2199993       41.6100006    
   11.2399998       41.6199989    
   11.2599993       41.6300011    
   11.2799997       41.6399994    
   11.3000002       41.6500015    
   11.3199997       41.6599998    
   11.3400002       41.6699982    
   11.3599997       41.6800003    
   11.3800001       41.6899986    
   11.3999996       41.7000008    
   11.4200001       41.7099991    
   11.4399996       41.7200012    
   11.4600000       41.7299995    
   11.4799995       41.7399979    
   11.5000000       41.7500000    
   11.5199995       41.7599983    
   11.5400000       41.7700005    
   11.5599995       41.7799988    
   11.5799999       41.7900009    
   11.5999994       41.7999992    
   11.6199999       41.8100014    
   11.6399994       41.8199997    
   11.6599998       41.8300018    
   11.6799994       41.8400002    
   11.6999998       41.8499985    
   11.7199993       41.8600006    
   11.7399998       41.8699989    
   11.7599993       41.8800011    
   11.7799997       41.8899994    
   11.8000002       41.9000015    
   11.8199997       41.9099998    
   11.8400002       41.9199982    
   11.8599997       41.9300003    
   11.8800001       41.9399986    
   11.8999996       41.9500008    
   11.9200001       41.9599991    
   11.9399996       41.9700012    
   11.9600000       41.9799995    
   11.9799995       41.9899979    
   12.0000000       42.0000000    
   12.0199995       42.0099983    
   12.0400000       42.0200005    
   12.0599995       42.0299988    
   12.0799999       42.0400009    
   12.0999994       42.0499992    
   12.1199999       42.0600014    
   12.1399994       42.0699997    
   12.1599998       42.0800018    
   12.1799994       42.0900002    
   12.1999998       42.0999985    
   12.2199993       42.1100006    
   12.2399998       42.1199989    
   12.2599993       42.1300011    
   12.2799997       42.1399994    
   12.3000002       42.1500015    
   12.3199997       42.1599998    
   12.3400002       42.1699982    
   12.3599997       42.1800003    
   12.3800001       42.1899986    
   12.3999996       42.2000008    
   12.4200001       42.2099991    
   12.4399996       42.2200012    
   12.4600000       42.2299995    
   12.4799995       42.2399979    
   12.5000000       42.2500000    
   12.5199995       42.2599983    
   12.5400000       42.2700005    
   12.5599995       42.2799988    
   12.5799999       42.2900009    
   12.5999994       42.2999992    
   12.6199999       42.3100014    
   12.6399994       42.3199997    
   12.6599998       42.3300018    
   12.6799994       42.3400002    
   12.6999998       42.3499985    
   12.7199993       42.3600006    
   12.7399998       42.3699989    
   12.7599993       42.3800011    
   12.7799997       42.3899994    
   12.7999992       42.4000015    
   12.8199997       42.4099998    
   12.8400002       42.4199982    
   12.8599997       42.4300003    
   12.8800001       42.4399986    
   12.8999996       42.4500008    
   12.9200001       42.4599991    
   12.9399996       42.4700012    
   12.9600000       42.4799995    
   12.9799995       42.4899979    
   13.0000000       42.5000000    
   13.0199995       42.5099983    
   13.0400000       42.5200005    
   13.0599995       42.5299988    
   13.0799999       42.5400009    
   13.0999994       42.5499992    
   13.1199999       42.5600014    
   13.1399994       42.5699997    
   13.1599998       42.5800018    
   13.1799994       42.5900002    
   13.1999998       42.5999985    
   13.2199993       42.6100006    
   13.2399998       42.6199989    
   13.2599993       42.6300011    
   13.2799997       42.6399994    
   13.2999992       42.6500015    
   13.3199997       42.6599998    
   13.3400002       42.6699982    
   13.3599997       42.6800003    
   13.3800001       42.6899986    
   13.3999996       42.7000008    
   13.4200001       42.7099991    
   13.4399996       42.7200012    
   13.4600000       42.7299995    
   13.4799995       42.7399979    
   13.5000000       42.7500000    
   13.5199995       42.7599983    
   13.5400000       42.7700005    
   13.5599995       42.7799988    
   13.5799999       42.7900009    
   13.5999994       42.7999992    
   13.6199999       42.8100014    
   13.6399994       42.8199997    
   13.6599998       42.8300018    
   13.6799994       42.8400002    
   13.6999998       42.8499985    
   13.7199993       42.8600006    
   13.7399998       42.8699989    
   13.7599993       42.8800011    
   13.7799997       42.8899994    
   13.7999992       42.9000015    
   13.8199997       42.9099998    
   13.8400002       42.9199982    
   13.8599997       42.9300003    
   13.8800001       42.9399986    
   13.8999996       42.9500008    
   13.9200001       42.9599991    
   13.9399996       42.9700012    
   13.9600000       42.9799995    
   13.9799995       42.9899979    
   14.0000000       43.0000000    
   14.0199995       43.0099983    
   14.0400000       43.0200005    
   14.0599995       43.0299988    
   14.0799999       43.0400009    
   14.0999994       43.0499992    
   14.1199999       43.0600014    
   14.1399994       43.0699997    
   14.1599998       43.0800018    
   14.1799994       43.0900002    
   14.1999998       43.0999985    
   14.2199993       43.1100006    
   14.2399998       43.1199989    
   14.2599993       43.1300011    
   14.2799997       43.1399994    
   14.2999992       43.1500015    
   14.3199997       43.1599998    
   14.3400002       43.1699982    
   14.3599997       43.1800003    
   14.3800001       43.1899986    
   14.3999996       43.2000008    
   14.4200001       43.2099991    
   14.4399996       43.2200012    
   14.4600000       43.2299995    
   14.4799995       43.2399979    
   14.5000000       43.2500000    
   14.5199995       43.2599983    
   14.5400000       43.2700005    
   14.5599995       43.2799988    
   14.5799999       43.2900009    
   14.5999994       43.2999992    
   14.6199999       43.3100014    
   14.6399994       43.3199997    
   14.6599998       43.3300018    
   14.6799994       43.3400002    
   14.6999998       43.3499985    
   14.7199993       43.3600006    
   14.7399998       43.3699989    
   14.7599993       43.3800011    
   14.7799997       43.3899994    
   14.7999992       43.4000015    
   14.8199997       43.4099998    
   14.8399992       43.4199982    
   14.8599997       43.4300003    
   14.8800001       43.4399986    
   14.8999996       43.4500008    
   14.9200001       43.4599991    
   14.9399996       43.4700012    
   14.9600000       43.4799995    
   14.9799995       43.4899979    
   15.0000000       43.5000000    
   15.0199995       43.5099983    
   15.0400000       43.5200005    
   15.0599995       43.5299988    
   15.0799999       43.5400009    
   15.0999994       43.5499992    
   15.1199999       43.5600014    
   15.1399994       43.5699997    
   15.1599998       43.5800018    
   15.1799994       43.5900002    
   15.1999998       43.5999985    
   15.2199993       43.6100006    
   15.2399998       43.6199989    
   15.2599993       43.6300011    
   15.2799997       43.6399994    
   15.2999992       43.6500015    
   15.3199997       43.6599998    
   15.3399992       43.6699982    
   15.3599997       43.6800003    
   15.3800001       43.6899986    
   15.3999996       43.7000008    
   15.4200001       43.7099991    
   15.4399996       43.7200012    
   15.4600000       43.7299995    
   15.4799995       43.7399979    
   15.5000000       43.7500000    
   15.5199995       43.7599983    
   15.5400000       43.7700005    
   15.5599995       43.7799988    
   15.5799999       43.7900009    
   15.5999994       43.7999992    
   15.6199999       43.8100014    
   15.6399994       43.8199997    
   15.6599998       43.8300018    
   15.6799994       43.8400002    
   15.6999998       43.8499985    
   15.7199993       43.8600006    
   15.7399998       43.8699989    
   15.7599993       43.8800011    
   15.7799997       43.8899994    
   15.7999992       43.9000015    
   15.8199997       43.9099998    
   15.8399992       43.9199982    
   15.8599997       43.9300003    
   15.8800001       43.9399986    
   15.8999996       43.9500008    
   15.9200001       43.9599991    
   15.9399996       43.9700012    
   15.9600000       43.9799995    
   15.9799995       43.9899979    
   16.0000000       44.0000000    
   16.0200005       44.0100021    
   16.0399990       44.0200005    
   16.0599995       44.0299988    
   16.0799999       44.0400009    
   16.1000004       44.0499992    
   16.1199989       44.0599976    
   16.1399994       44.0699997    
   16.1599998       44.0800018    
   16.1800003       44.0900002    
   16.1999989       44.0999985    
   16.2199993       44.1100006    
   16.2399998       44.1199989    
   16.2600002       44.1300011    
   16.2799988       44.1399994    
   16.2999992       44.1500015    
   16.3199997       44.1599998    
   16.3400002       44.1699982    
   16.3599987       44.1800003    
   16.3799992       44.1899986    
   16.3999996       44.2000008    
   16.4200001       44.2099991    
   16.4400005       44.2200012    
   16.4599991       44.2299995    
   16.4799995       44.2399979    
   16.5000000       44.2500000    
   16.5200005       44.2600021    
   16.5399990       44.2700005    
   16.5599995       44.2799988    
   16.5799999       44.2900009    
   16.6000004       44.2999992    
   16.6199989       44.3099976    
   16.6399994       44.3199997    
   16.6599998       44.3300018    
   16.6800003       44.3400002    
   16.6999989       44.3499985    
   16.7199993       44.3600006    
   16.7399998       44.3699989    
   16.7600002       44.3800011    
   16.7799988       44.3899994    
   16.7999992       44.4000015    
   16.8199997       44.4099998    
   16.8400002       44.4199982    
   16.8599987       44.4300003    
   16.8799992       44.4399986    
   16.8999996       44.4500008    
   16.9200001       44.4599991    
   16.9400005       44.4700012    
   16.9599991       44.4799995    
   16.9799995       44.4899979    
   17.0000000       44.5000000    
   17.0200005       44.5100021    
   17.0399990       44.5200005    
   17.0599995       44.5299988    
   17.0799999       44.5400009    
   17.1000004       44.5499992    
   17.1199989       44.5599976    
   17.1399994       44.5699997    
   17.1599998       44.5800018    
   17.1800003       44.5900002    
   17.1999989       44.5999985    
   17.2199993       44.6100006    
   17.2399998       44.6199989    
   17.2600002       44.6300011    
   17.2799988       44.6399994    
   17.2999992       44.6500015    
   17.3199997       44.6599998    
   17.3400002       44.6699982    
   17.3599987       44.6800003    
   17.3799992       44.6899986    
   17.3999996       44.7000008    
   17.4200001       44.7099991    
   17.4400005       44.7200012    
   17.4599991       44.7299995    
   17.4799995       44.7399979    
   17.5000000       44.7500000    
   17.5200005       44.7600021    
   17.5399990       44.7700005    
   17.5599995       44.7799988    
   17.5799999       44.7900009    
   17.6000004       44.7999992    
   17.6199989       44.8099976    
   17.6399994       44.8199997    
   17.6599998       44.8300018    
   17.6800003       44.8400002    
   17.6999989       44.8499985    
   17.7199993       44.8600006    
   17.7399998       44.8699989    
   17.7600002       44.8800011    
   17.7799988       44.8899994    
   17.7999992       44.9000015    
   17.8199997       44.9099998    
   17.8400002       44.9199982    
   17.8599987       44.9300003    
   17.8799992       44.9399986    
   17.8999996       44.9500008    
   17.9200001       44.9599991    
   17.9400005       44.9700012    
   17.9599991       44.9799995    
   17.9799995       44.9899979    
   18.0000000       45.0000000    
   18.0200005       45.0100021    
   18.0399990       45.0200005    
   18.0599995       45.0299988    
   18.0799999       45.0400009    
   18.1000004       45.0499992    
   18.1199989       45.0599976    
   18.1399994       45.0699997    
   18.1599998       45.0800018    
   18.1800003       45.0900002    
   18.1999989       45.0999985    
   18.2199993       45.1100006    
   18.2399998       45.1199989    
   18.2600002       45.1300011    
   18.2799988       45.1399994    
   18.2999992       45.1500015    
   18.3199997       45.1599998    
   18.3400002       45.1699982    
   18.3599987       45.1800003    
   18.3799992       45.1899986    
   18.3999996       45.2000008    
   18.4200001       45.2099991    
   18.4400005       45.2200012    
   18.4599991       45.2299995    
   18.4799995       45.2399979    
   18.5000000       45.2500000    
   18.5200005       45.2600021    
   18.5399990       45.2700005    
   18.5599995       45.2799988    
   18.5799999       45.2900009    
   18.6000004       45.2999992    
   18.6199989       45.3099976    
   18.6399994       45.3199997    
   18.6599998       45.3300018    
   18.6800003       45.3400002    
   18.6999989       45.3499985    
   18.7199993       45.3600006    
   18.7399998       45.3699989    
   18.7600002       45.3800011    
   18.7799988       45.3899994    
   18.7999992       45.4000015    
   18.8199997       45.4099998    
   18.8400002       45.4199982    
   18.8599987       45.4300003    
   18.8799992       45.4399986    
   18.8999996       45.4500008    
   18.9200001       45.4599991    
   18.9399986       45.4700012    
   18.9599991       45.4799995    
   18.9799995       45.4899979    
   19.0000000       45.5000000    
   19.0200005       45.5100021    
   19.0399990       45.5200005    
   19.0599995       45.5299988    
   19.0799999       45.5400009    
   19.1000004       45.5499992    
   19.1199989       45.5599976    
   19.1399994       45.5699997    
   19.1599998       45.5800018    
   19.1800003       45.5900002    
   19.1999989       45.5999985    
   19.2199993       45.6100006    
   19.2399998       45.6199989    
   19.2600002       45.6300011    
   19.2799988       45.6399994    
   19.2999992       45.6500015    
   19.3199997       45.6599998    
   19.3400002       45.6699982    
   19.3599987       45.6800003    
   19.3799992       45.6899986    
   19.3999996       45.7000008    
   19.4200001       45.7099991    
   19.4399986       45.7200012    
   19.4599991       45.7299995    
   19.4799995       45.7399979    
   19.5000000       45.7500000    
   19.5200005       45.7600021    
   19.5399990       45.7700005    
   19.5599995       45.7799988    
   19.5799999       45.7900009    
   19.6000004       45.7999992    
   19.6199989       45.8099976    
   19.6399994       45.8199997    
   19.6599998       45.8300018    
   19.6800003       45.8400002    
   19.6999989       45.8499985    
   19.7199993       45.8600006    
   19.7399998       45.8699989    
   19.7600002       45.8800011    
   19.7799988       45.8899994    
   19.7999992       45.9000015    
   19.8199997       45.9099998    
   19.8400002       45.9199982    
   19.8599987       45.9300003    
   19.8799992       45.9399986    
   19.8999996       45.9500008    
   19.9200001       45.9599991    
   19.9399986       45.9700012    
   19.9599991       45.9799995    
   19.9799995       45.9899979    
   20.0000000       46.0000000    
