           1  0.330798686    
           2  0.331695944    
           3  0.334585458    
           4  0.337587863    
           5  0.338469744    
           6  0.338647962    
           7  0.338047832    
           8  0.340272844    
           9  0.340536624    
          10  0.342890322    
          11  0.344450504    
          12  0.345955402    
          13  0.346105903    
          14  0.349248707    
          15  0.351977348    
          16  0.352829337    
          17  0.355540037    
          18  0.356875867    
          19  0.359159708    
          20  0.361839205    
          21  0.362742335    
          22  0.364848554    
          23  0.365170211    
          24  0.366570771    
          25  0.368530035    
          26  0.370007336    
          27  0.372412145    
          28  0.373421282    
          29  0.374549240    
          30  0.374616504    
          31  0.376317888    
          32  0.376026988    
          33  0.376650572    
          34  0.379484266    
          35  0.379539013    
          36  0.380872607    
          37  0.381277740    
          38  0.382887661    
          39  0.383444130    
          40  0.382662863    
          41  0.382366151    
          42  0.383549184    
          43  0.385062099    
          44  0.385998040    
          45  0.387493104    
          46  0.386965364    
          47  0.386470914    
          48  0.387577146    
          49  0.389205426    
          50  0.392088592    
          51  0.393575758    
          52  0.393028885    
          53  0.395746022    
          54  0.396848381    
          55  0.397631198    
          56  0.400501460    
          57  0.401310414    
          58  0.400730401    
          59  0.400515348    
          60  0.400946677    
          61  0.400803268    
          62  0.402949929    
          63  0.403959811    
          64  0.405792624    
          65  0.407681674    
          66  0.409607321    
          67  0.409599394    
          68  0.409564167    
          69  0.412674040    
          70  0.413909644    
          71  0.414845943    
          72  0.414849162    
          73  0.416436881    
          74  0.417937428    
          75  0.420818508    
          76  0.420868456    
          77  0.420472831    
          78  0.420782894    
          79  0.422952503    
          80  0.423926443    
          81  0.425631315    
          82  0.426608086    
          83  0.426616997    
          84  0.426816881    
          85  0.428451300    
          86  0.429559588    
          87  0.431292027    
          88  0.430252641    
          89  0.430101603    
          90  0.431098700    
          91  0.432243496    
          92  0.431483865    
          93  0.433121920    
          94  0.433974177    
          95  0.436143190    
          96  0.437828034    
          97  0.437036097    
          98  0.437546730    
          99  0.438795775    
         100  0.441905051    
         101  0.443643808    
         102  0.443721563    
         103  0.443394780    
         104  0.444621146    
         105  0.445587516    
         106  0.445327252    
         107  0.445071697    
         108  0.446093231    
         109  0.447447985    
         110  0.447984427    
         111  0.449012935    
         112  0.449537843    
         113  0.452155530    
         114  0.452542007    
         115  0.453713834    
         116  0.455290914    
         117  0.458389908    
         118  0.460845202    
         119  0.460312575    
         120  0.461999685    
         121  0.463024467    
         122  0.463328063    
         123  0.464429408    
         124  0.465285033    
         125  0.465975940    
         126  0.468010485    
         127  0.469536871    
         128  0.471525103    
         129  0.471988469    
         130  0.473713964    
         131  0.475375593    
         132  0.475642979    
         133  0.476571590    
         134  0.476600319    
         135  0.476711154    
         136  0.478018314    
         137  0.480546653    
         138  0.482110381    
         139  0.483766258    
         140  0.485647082    
         141  0.486332536    
         142  0.486593008    
         143  0.486809611    
         144  0.487762779    
         145  0.487641782    
         146  0.488576293    
         147  0.488915056    
         148  0.488565952    
         149  0.488816887    
         150  0.488521308    
         151  0.489244998    
         152  0.490480363    
         153  0.491573334    
         154  0.491944343    
         155  0.492897332    
         156  0.493235886    
         157  0.494024158    
         158  0.495329320    
         159  0.496181846    
         160  0.495874286    
         161  0.497131944    
         162  0.497607976    
         163  0.497673810    
         164  0.499311775    
         165  0.501311600    
         166  0.499864221    
         167  0.502271056    
         168  0.502436638    
         169  0.502186000    
         170  0.502528667    
         171  0.502549291    
         172  0.504488468    
         173  0.506054342    
         174  0.506429315    
         175  0.507031739    
         176  0.508567095    
         177  0.512304425    
         178  0.511880398    
         179  0.511929631    
         180  0.512777090    
         181  0.513713777    
         182  0.514483988    
         183  0.514601350    
         184  0.515097976    
         185  0.514750779    
         186  0.514310718    
         187  0.513942838    
         188  0.514780283    
         189  0.513106883    
         190  0.514084816    
         191  0.515155494    
         192  0.514851093    
         193  0.518307805    
         194  0.519523203    
         195  0.520548701    
         196  0.520095646    
         197  0.519536793    
         198  0.519580603    
         199  0.522101521    
         200  0.522733390    
         201  0.525174797    
         202  0.524553537    
         203  0.524577141    
         204  0.523642957    
         205  0.523048282    
         206  0.522333980    
         207  0.523022771    
         208  0.522945404    
         209  0.522517502    
         210  0.523165762    
         211  0.523392737    
         212  0.522625923    
         213  0.523997486    
         214  0.522573531    
         215  0.522703946    
         216  0.523679256    
         217  0.525186718    
         218  0.524475038    
         219  0.525192976    
         220  0.526901603    
         221  0.527772844    
         222  0.527922511    
         223  0.527625144    
         224  0.527034223    
         225  0.528215826    
         226  0.528550625    
         227  0.530154228    
         228  0.530346334    
         229  0.531388700    
         230  0.531403482    
         231  0.532246649    
         232  0.532166302    
         233  0.532674730    
         234  0.532719135    
         235  0.531433940    
         236  0.532560349    
         237  0.532611787    
         238  0.532268941    
         239  0.533140182    
         240  0.534211636    
         241  0.533512890    
         242  0.534538388    
         243  0.535318017    
         244  0.537047863    
         245  0.538447142    
         246  0.538557827    
         247  0.538589358    
         248  0.537276626    
         249  0.537335396    
         250  0.538800061    
         251  0.539891541    
         252  0.540836275    
         253  0.540743887    
         254  0.540929973    
         255  0.542738736    
         256  0.541650653    
         257  0.540268898    
         258  0.540415049    
         259  0.539881706    
         260  0.539151669    
         261  0.541214585    
         262  0.542262256    
         263  0.541260302    
         264  0.541436851    
         265  0.541362047    
         266  0.542136252    
         267  0.542215884    
         268  0.542252004    
         269  0.542065442    
         270  0.543442726    
         271  0.543785930    
         272  0.544588387    
         273  0.543703735    
         274  0.544989884    
         275  0.545549989    
         276  0.545332074    
         277  0.546009004    
         278  0.545660913    
         279  0.544279158    
         280  0.545146823    
         281  0.545777559    
         282  0.547491431    
         283  0.547291815    
         284  0.546758592    
         285  0.546101272    
         286  0.547579587    
         287  0.548811674    
         288  0.549237251    
         289  0.550277710    
         290  0.551013649    
         291  0.551246822    
         292  0.551170945    
         293  0.553185821    
         294  0.554721653    
         295  0.554916203    
         296  0.557435453    
         297  0.558365285    
         298  0.557958961    
         299  0.558168650    
         300  0.559128404    
         301  0.559852123    
         302  0.562053859    
         303  0.564774096    
         304  0.565431595    
         305  0.565878510    
         306  0.565052867    
         307  0.564825416    
         308  0.564703524    
         309  0.564243495    
         310  0.563663244    
         311  0.563966393    
         312  0.565211654    
         313  0.565953672    
         314  0.565843582    
         315  0.568600297    
         316  0.571115732    
         317  0.569797099    
         318  0.571628749    
         319  0.570745111    
         320  0.571547747    
         321  0.572101533    
         322  0.571217597    
         323  0.571551144    
         324  0.571883917    
         325  0.573186398    
         326  0.574575067    
         327  0.575756192    
         328  0.575571477    
         329  0.575277388    
         330  0.574576616    
         331  0.575132608    
         332  0.576080263    
         333  0.576079369    
         334  0.577136815    
         335  0.579346359    
         336  0.579919636    
         337  0.580214024    
         338  0.580378771    
         339  0.580245376    
         340  0.579807878    
         341  0.581497073    
         342  0.582514346    
         343  0.582296252    
         344  0.582581997    
         345  0.582564294    
         346  0.582009256    
         347  0.582196414    
         348  0.582343161    
         349  0.583451927    
         350  0.586121798    
         351  0.586132884    
         352  0.585702479    
         353  0.587401807    
         354  0.588115990    
         355  0.588514924    
         356  0.588950336    
         357  0.590035081    
         358  0.590921938    
         359  0.591351748    
         360  0.593796372    
         361  0.594731212    
         362  0.594887078    
         363  0.595384300    
         364  0.595024467    
         365  0.594860137    
         366  0.595773935    
         367  0.593965590    
         368  0.594356298    
         369  0.595034778    
         370  0.594540477    
         371  0.593937457    
         372  0.593626499    
         373  0.594694138    
         374  0.596157610    
         375  0.596465528    
         376  0.597101808    
         377  0.598592341    
         378  0.598010421    
         379  0.598604381    
         380  0.597070098    
         381  0.598247230    
         382  0.598675311    
         383  0.598010361    
         384  0.598300397    
         385  0.598799109    
         386  0.598954022    
         387  0.600737393    
         388  0.602199972    
         389  0.602482855    
         390  0.601924717    
         391  0.604391515    
         392  0.604736924    
         393  0.603741348    
         394  0.603220880    
         395  0.604815781    
         396  0.604592323    
         397  0.604754686    
         398  0.604337752    
         399  0.604788542    
         400  0.605695307    
         401  0.605084538    
         402  0.605930805    
         403  0.606070757    
         404  0.606493652    
         405  0.606001973    
         406  0.604843676    
         407  0.605318427    
         408  0.606463313    
         409  0.606119275    
         410  0.607339978    
         411  0.608448744    
         412  0.608175814    
         413  0.608005762    
         414  0.607402861    
         415  0.608217478    
         416  0.608357370    
         417  0.608190417    
         418  0.608691573    
         419  0.609676600    
         420  0.611108661    
         421  0.610991180    
         422  0.612367451    
         423  0.611585498    
         424  0.612173259    
         425  0.612740993    
         426  0.611864090    
         427  0.611722469    
         428  0.611340463    
         429  0.612758636    
         430  0.614010215    
         431  0.614893377    
         432  0.616411924    
         433  0.616674840    
         434  0.616712630    
         435  0.616404593    
         436  0.617912292    
         437  0.618043363    
         438  0.618733704    
         439  0.619251132    
         440  0.620298207    
         441  0.621839881    
         442  0.621450603    
         443  0.622016370    
         444  0.622436285    
         445  0.623008311    
         446  0.623243749    
         447  0.622441351    
         448  0.623952448    
         449  0.623656511    
         450  0.623840153    
         451  0.623486221    
         452  0.623327076    
         453  0.624198616    
         454  0.625448287    
         455  0.625688016    
         456  0.625622928    
         457  0.626724839    
         458  0.627051413    
         459  0.628032923    
         460  0.629378676    
         461  0.630243242    
         462  0.630445361    
         463  0.631224036    
         464  0.631081820    
         465  0.630132020    
         466  0.629848540    
         467  0.630063057    
         468  0.630115569    
         469  0.631651103    
         470  0.631844521    
         471  0.631437182    
         472  0.630872905    
         473  0.630398214    
         474  0.631513357    
         475  0.631893635    
         476  0.630976617    
         477  0.630103588    
         478  0.628972292    
         479  0.630331039    
         480  0.630019188    
         481  0.630128503    
         482  0.629953861    
         483  0.628525436    
         484  0.628210008    
         485  0.628628433    
         486  0.628663361    
         487  0.629986763    
         488  0.630808175    
         489  0.631061018    
         490  0.630012274    
         491  0.630618930    
         492  0.630838871    
         493  0.631716728    
         494  0.631323934    
         495  0.631281078    
         496  0.631669700    
         497  0.631850600    
         498  0.632818401    
         499  0.633420348    
         500  0.633464277    
         501  0.635238469    
         502  0.635969996    
         503  0.636921287    
         504  0.636254668    
         505  0.636902690    
         506  0.638682604    
         507  0.638880968    
         508  0.638716698    
         509  0.639369130    
         510  0.640031517    
         511  0.641020119    
         512  0.641299248    
         513  0.640371144    
         514  0.639912426    
         515  0.640548289    
         516  0.641340196    
         517  0.642834961    
         518  0.644827843    
         519  0.643888950    
         520  0.644679487    
         521  0.644588649    
         522  0.645470977    
         523  0.645681858    
         524  0.646012127    
         525  0.644598126    
         526  0.645619452    
         527  0.646599054    
         528  0.644875586    
         529  0.645226419    
         530  0.643735170    
         531  0.642679572    
         532  0.642693877    
         533  0.643677771    
         534  0.644253671    
         535  0.643012464    
         536  0.642652750    
         537  0.642904460    
         538  0.642472565    
         539  0.644093454    
         540  0.643555701    
         541  0.643065035    
         542  0.643862605    
         543  0.644891202    
         544  0.644279897    
         545  0.644683480    
         546  0.644305706    
         547  0.643530309    
         548  0.643568397    
         549  0.643891454    
         550  0.643992901    
         551  0.644716680    
         552  0.644236028    
         553  0.643807650    
         554  0.644639850    
         555  0.644973159    
         556  0.646508813    
         557  0.646236837    
         558  0.648288071    
         559  0.648811340    
         560  0.647157013    
         561  0.647843003    
         562  0.647983968    
         563  0.648117781    
         564  0.647081614    
         565  0.647780001    
         566  0.647796869    
         567  0.648115098    
         568  0.648276329    
         569  0.648892522    
         570  0.647991955    
         571  0.649106145    
         572  0.648424625    
         573  0.648907542    
         574  0.649776995    
         575  0.650625288    
         576  0.650376558    
         577  0.649822295    
         578  0.650166333    
         579  0.651386797    
         580  0.651150405    
         581  0.649808407    
         582  0.650432050    
         583  0.652219474    
         584  0.651390672    
         585  0.652541101    
         586  0.652002990    
         587  0.653013885    
         588  0.653489828    
         589  0.652981937    
         590  0.653144479    
         591  0.652573347    
         592  0.651745677    
         593  0.651703775    
         594  0.652528107    
         595  0.651535332    
         596  0.651267231    
         597  0.650973618    
         598  0.649418354    
         599  0.648895383    
         600  0.648829579    
         601  0.647986114    
         602  0.648505032    
         603  0.648265541    
         604  0.649475396    
         605  0.650240481    
         606  0.650761604    
         607  0.651248991    
         608  0.652747333    
         609  0.653347254    
         610  0.653701365    
         611  0.652646363    
         612  0.652734756    
         613  0.652705014    
         614  0.652211189    
         615  0.654040635    
         616  0.654631555    
         617  0.655568063    
         618  0.656206489    
         619  0.656383336    
         620  0.654667139    
         621  0.655206859    
         622  0.653982401    
         623  0.654017806    
         624  0.654339969    
         625  0.655951858    
         626  0.656712711    
         627  0.655169725    
         628  0.655370593    
         629  0.656792223    
         630  0.658729494    
         631  0.659706235    
         632  0.660048306    
         633  0.659579217    
         634  0.657991409    
         635  0.658725679    
         636  0.657903850    
         637  0.656044424    
         638  0.656026006    
         639  0.656452596    
         640  0.655860960    
         641  0.655861735    
         642  0.655010641    
         643  0.655593634    
         644  0.654999435    
         645  0.656297386    
         646  0.655620039    
         647  0.655601561    
         648  0.657083750    
         649  0.658979475    
         650  0.658967435    
         651  0.659075618    
         652  0.658828020    
         653  0.656144738    
         654  0.658263564    
         655  0.656277835    
         656  0.657079577    
         657  0.656203151    
         658  0.656007290    
         659  0.656898022    
         660  0.658137798    
         661  0.657372475    
         662  0.659598589    
         663  0.659330368    
         664  0.660050273    
         665  0.659987330    
         666  0.660066247    
         667  0.660140097    
         668  0.660696805    
         669  0.660580397    
         670  0.660740972    
         671  0.658505857    
         672  0.659697890    
         673  0.659672081    
         674  0.659794748    
         675  0.660099506    
         676  0.660310268    
         677  0.660235167    
         678  0.660480857    
         679  0.659403861    
         680  0.658444822    
         681  0.658908665    
         682  0.659169972    
         683  0.659602463    
         684  0.659545720    
         685  0.660913408    
         686  0.660347879    
         687  0.660027027    
         688  0.660405159    
         689  0.659540534    
         690  0.660722315    
         691  0.661758304    
         692  0.662222266    
         693  0.663507581    
         694  0.663474500    
         695  0.662250102    
         696  0.663746476    
         697  0.663570881    
         698  0.663479745    
         699  0.663990676    
         700  0.664650023    
         701  0.663891017    
         702  0.664894581    
         703  0.666827857    
         704  0.667292118    
         705  0.668023050    
         706  0.669998288    
         707  0.670261979    
         708  0.668556392    
         709  0.667871118    
         710  0.669338822    
         711  0.669312119    
         712  0.669693053    
         713  0.670594513    
         714  0.669012725    
         715  0.669717252    
         716  0.669560552    
         717  0.668941200    
         718  0.669138849    
         719  0.672096670    
         720  0.671211421    
         721  0.670700490    
         722  0.670580029    
         723  0.671733081    
         724  0.671426833    
         725  0.673699558    
         726  0.674254060    
         727  0.672991335    
         728  0.673703551    
         729  0.671658933    
         730  0.672202766    
         731  0.673557937    
         732  0.673732877    
         733  0.675426185    
         734  0.675297558    
         735  0.676581025    
         736  0.677294433    
         737  0.677758157    
         738  0.677452564    
         739  0.677800715    
         740  0.677164316    
         741  0.677751124    
         742  0.677222967    
         743  0.678016484    
         744  0.678345203    
         745  0.679711461    
         746  0.679492354    
         747  0.679541528    
         748  0.678468347    
         749  0.679478467    
         750  0.679929852    
         751  0.680573702    
         752  0.682515442    
         753  0.682698071    
         754  0.682210028    
         755  0.683247149    
         756  0.684279740    
         757  0.684923112    
         758  0.687378228    
         759  0.689253867    
         760  0.689276814    
         761  0.688066185    
         762  0.687847435    
         763  0.688028812    
         764  0.687490463    
         765  0.688478053    
         766  0.688661695    
         767  0.691374362    
         768  0.690342069    
         769  0.690071940    
         770  0.691276550    
         771  0.691636622    
         772  0.690769911    
         773  0.689490080    
         774  0.690309286    
         775  0.692914069    
         776  0.693226099    
         777  0.692957938    
         778  0.693023801    
         779  0.695034027    
         780  0.697498500    
         781  0.697629094    
         782  0.696976423    
         783  0.696991861    
         784  0.696909785    
         785  0.697610438    
         786  0.697443962    
         787  0.697477520    
         788  0.698265493    
         789  0.698484123    
         790  0.698647976    
         791  0.697662771    
         792  0.697406173    
         793  0.698928773    
         794  0.698304236    
         795  0.697089434    
         796  0.699400425    
         797  0.698899925    
         798  0.698926747    
         799  0.700313628    
         800  0.700733662    
         801  0.700877249    
         802  0.701868057    
         803  0.701607347    
         804  0.703177869    
         805  0.703732312    
         806  0.704066217    
         807  0.703776777    
         808  0.703829706    
         809  0.703821599    
         810  0.704598784    
         811  0.704193294    
         812  0.704351008    
         813  0.704736769    
         814  0.704663038    
         815  0.704863310    
         816  0.704771698    
         817  0.705094993    
         818  0.705102503    
         819  0.706295133    
         820  0.706748009    
         821  0.706651807    
         822  0.707247555    
         823  0.708377659    
         824  0.711257815    
         825  0.711317897    
         826  0.710774124    
         827  0.710731208    
         828  0.711146653    
         829  0.711604953    
         830  0.712325752    
         831  0.710873127    
         832  0.710304022    
         833  0.710628331    
         834  0.709184349    
         835  0.709284127    
         836  0.708159089    
         837  0.708372295    
         838  0.708925188    
         839  0.709057689    
         840  0.711216092    
         841  0.711828411    
         842  0.711692989    
         843  0.710390091    
         844  0.712371767    
         845  0.712060988    
         846  0.712569594    
         847  0.714086592    
         848  0.714045286    
         849  0.714634359    
         850  0.715491235    
         851  0.717534244    
         852  0.718415558    
         853  0.717131913    
         854  0.715871513    
         855  0.716908991    
         856  0.716459453    
         857  0.716161728    
         858  0.715142727    
         859  0.714076817    
         860  0.713667035    
         861  0.712868035    
         862  0.714072347    
         863  0.714805484    
         864  0.716020882    
         865  0.715349495    
         866  0.714187801    
         867  0.716275275    
         868  0.719373584    
         869  0.718576252    
         870  0.718326628    
         871  0.718777835    
         872  0.719528675    
         873  0.721437514    
         874  0.721790969    
         875  0.723068833    
         876  0.724229157    
         877  0.723200262    
         878  0.723874748    
         879  0.723789155    
         880  0.724467278    
         881  0.724806070    
         882  0.725020707    
         883  0.724549949    
         884  0.724302888    
         885  0.723958015    
         886  0.724171519    
         887  0.725444019    
         888  0.724980056    
         889  0.724296272    
         890  0.723900378    
         891  0.723519802    
         892  0.724653065    
         893  0.725922048    
         894  0.726251483    
         895  0.726314902    
         896  0.727201045    
         897  0.728066504    
         898  0.727489591    
         899  0.728303611    
         900  0.727330446    
         901  0.727450430    
         902  0.728569210    
         903  0.728482783    
         904  0.728584647    
         905  0.728601277    
         906  0.729548693    
         907  0.731657922    
         908  0.733417392    
         909  0.735168338    
         910  0.734349847    
         911  0.737078130    
         912  0.736626744    
         913  0.736683786    
         914  0.736149371    
         915  0.734280229    
         916  0.736043334    
         917  0.737761021    
         918  0.738561273    
         919  0.738850474    
         920  0.739093900    
         921  0.739941001    
         922  0.740326583    
         923  0.741264045    
         924  0.744045854    
         925  0.744896293    
         926  0.744003117    
         927  0.743966103    
         928  0.743063986    
         929  0.744334340    
         930  0.745114148    
         931  0.747074008    
         932  0.748932064    
         933  0.748263597    
         934  0.753577411    
         935  0.751994491    
         936  0.750363290    
         937  0.750346541    
         938  0.749580383    
         939  0.749462128    
         940  0.749881327    
         941  0.749617994    
         942  0.749980509    
         943  0.748474896    
         944  0.749339819    
         945  0.750487149    
         946  0.750360429    
         947  0.750561595    
         948  0.751608789    
         949  0.752709448    
         950  0.751805902    
         951  0.751343548    
         952  0.753168941    
         953  0.755419135    
         954  0.753982782    
         955  0.752230883    
         956  0.749937713    
         957  0.751163244    
         958  0.750589967    
         959  0.751463950    
         960  0.751988590    
         961  0.750238657    
         962  0.749997675    
         963  0.750870824    
         964  0.750471771    
         965  0.748749375    
         966  0.749785364    
         967  0.749449849    
         968  0.750025928    
         969  0.749519229    
         970  0.750123858    
         971  0.752271056    
         972  0.751459241    
         973  0.751876295    
         974  0.750940919    
         975  0.749274611    
         976  0.749620020    
         977  0.748856068    
         978  0.749185026    
         979  0.749193192    
         980  0.749258637    
         981  0.749210536    
         982  0.750223219    
         983  0.751255751    
         984  0.750511050    
         985  0.749886215    
         986  0.749801397    
         987  0.749453425    
         988  0.752282619    
         989  0.753322005    
         990  0.754485011    
         991  0.755197048    
         992  0.755890489    
         993  0.757641613    
         994  0.757661343    
         995  0.756375968    
         996  0.755107880    
         997  0.753883541    
         998  0.753931522    
         999  0.755497754    
        1000  0.754660547    
