           1  0.313622892    
           2  0.315066576    
           3  0.315912157    
           4  0.316983223    
           5  0.318912119    
           6  0.320125908    
           7  0.321356297    
           8  0.322790116    
           9  0.325857371    
          10  0.326901853    
          11  0.328404844    
          12  0.330598414    
          13  0.332313210    
          14  0.333966643    
          15  0.335636258    
          16  0.335833848    
          17  0.337030292    
          18  0.337912589    
          19  0.339549959    
          20  0.342863381    
          21  0.343115151    
          22  0.345037699    
          23  0.347546935    
          24  0.348953933    
          25  0.349223852    
          26  0.350797445    
          27  0.350076556    
          28  0.351222366    
          29  0.351713896    
          30  0.353759199    
          31  0.353822231    
          32  0.355140507    
          33  0.357062936    
          34  0.356658101    
          35  0.356720120    
          36  0.358064204    
          37  0.358827800    
          38  0.359721005    
          39  0.360700756    
          40  0.364051372    
          41  0.367471755    
          42  0.369292140    
          43  0.369569838    
          44  0.371321499    
          45  0.372176766    
          46  0.373609632    
          47  0.374523938    
          48  0.376726389    
          49  0.377238512    
          50  0.379139811    
          51  0.380653709    
          52  0.381623834    
          53  0.382219970    
          54  0.383560598    
          55  0.384590477    
          56  0.387331188    
          57  0.388315737    
          58  0.387706101    
          59  0.389246196    
          60  0.390386611    
          61  0.390618801    
          62  0.392182350    
          63  0.393933415    
          64  0.394996136    
          65  0.396710128    
          66  0.397671849    
          67  0.398666561    
          68  0.399282694    
          69  0.401118994    
          70  0.400867045    
          71  0.400228262    
          72  0.400937527    
          73  0.400516450    
          74  0.401552767    
          75  0.401191890    
          76  0.402383566    
          77  0.403687268    
          78  0.404472291    
          79  0.403697759    
          80  0.404264182    
          81  0.404883444    
          82  0.405375332    
          83  0.405906111    
          84  0.408686429    
          85  0.409394324    
          86  0.410086334    
          87  0.411046773    
          88  0.413172811    
          89  0.415185928    
          90  0.415931433    
          91  0.416880459    
          92  0.418596923    
          93  0.420461327    
          94  0.420420378    
          95  0.421054512    
          96  0.422985911    
          97  0.422010958    
          98  0.422691941    
          99  0.423330456    
         100  0.424928546    
         101  0.425178140    
         102  0.426611781    
         103  0.427469462    
         104  0.428329527    
         105  0.428797722    
         106  0.428518772    
         107  0.430909544    
         108  0.432078242    
         109  0.433039367    
         110  0.432649195    
         111  0.433595806    
         112  0.435199350    
         113  0.436750233    
         114  0.436041355    
         115  0.435653508    
         116  0.437077701    
         117  0.438545763    
         118  0.439781755    
         119  0.440150827    
         120  0.441679865    
         121  0.442839712    
         122  0.442822546    
         123  0.442736953    
         124  0.442953885    
         125  0.441974521    
         126  0.442589939    
         127  0.442422062    
         128  0.442635268    
         129  0.443261534    
         130  0.444747537    
         131  0.446988225    
         132  0.446054876    
         133  0.446155518    
         134  0.445318937    
         135  0.444084942    
         136  0.445452541    
         137  0.448078662    
         138  0.448456615    
         139  0.449648023    
         140  0.451190680    
         141  0.452019721    
         142  0.451187313    
         143  0.451451927    
         144  0.452010930    
         145  0.454855323    
         146  0.454209208    
         147  0.454886913    
         148  0.455410898    
         149  0.456405610    
         150  0.455810457    
         151  0.458160818    
         152  0.459050983    
         153  0.459064752    
         154  0.461952865    
         155  0.463482589    
         156  0.463625401    
         157  0.464115173    
         158  0.465434998    
         159  0.466264963    
         160  0.466908097    
         161  0.467209309    
         162  0.466383100    
         163  0.468537420    
         164  0.469813764    
         165  0.470779955    
         166  0.471957803    
         167  0.472962409    
         168  0.472134441    
         169  0.473350078    
         170  0.473398864    
         171  0.474680722    
         172  0.475788981    
         173  0.476179421    
         174  0.475906193    
         175  0.477601111    
         176  0.478836685    
         177  0.479341954    
         178  0.482177943    
         179  0.481858701    
         180  0.482811421    
         181  0.485304475    
         182  0.484467864    
         183  0.484053344    
         184  0.483968258    
         185  0.484477550    
         186  0.483669966    
         187  0.484216541    
         188  0.484651357    
         189  0.487045467    
         190  0.490693778    
         191  0.490056574    
         192  0.490324944    
         193  0.489553750    
         194  0.489399493    
         195  0.489598721    
         196  0.490632087    
         197  0.490393102    
         198  0.491466552    
         199  0.493158787    
         200  0.494048864    
         201  0.493699193    
         202  0.492989928    
         203  0.492871612    
         204  0.493609756    
         205  0.494366378    
         206  0.496785253    
         207  0.496463388    
         208  0.496212989    
         209  0.497585028    
         210  0.499222547    
         211  0.499229521    
         212  0.499089509    
         213  0.500749707    
         214  0.500178218    
         215  0.500390053    
         216  0.498976231    
         217  0.501287162    
         218  0.501459062    
         219  0.502523899    
         220  0.504108071    
         221  0.504109681    
         222  0.502330780    
         223  0.502476394    
         224  0.502914071    
         225  0.503592849    
         226  0.505055428    
         227  0.505840361    
         228  0.506534636    
         229  0.508603573    
         230  0.509494603    
         231  0.509818852    
         232  0.510254025    
         233  0.511188924    
         234  0.513219476    
         235  0.512793958    
         236  0.512252390    
         237  0.514513373    
         238  0.512941599    
         239  0.514462948    
         240  0.513503671    
         241  0.513065159    
         242  0.511565030    
         243  0.512767613    
         244  0.512867928    
         245  0.513769627    
         246  0.512970984    
         247  0.512088895    
         248  0.512814939    
         249  0.513152957    
         250  0.514457345    
         251  0.515558839    
         252  0.514701962    
         253  0.515962422    
         254  0.517180979    
         255  0.519849002    
         256  0.519869208    
         257  0.521832526    
         258  0.521420062    
         259  0.521680892    
         260  0.522374332    
         261  0.523322821    
         262  0.522143483    
         263  0.521991968    
         264  0.521139324    
         265  0.521892667    
         266  0.523295164    
         267  0.524429262    
         268  0.527146041    
         269  0.528089583    
         270  0.527868569    
         271  0.528369367    
         272  0.529739439    
         273  0.530141652    
         274  0.530740738    
         275  0.531530261    
         276  0.531527936    
         277  0.532426476    
         278  0.532181799    
         279  0.532211721    
         280  0.534655988    
         281  0.534809172    
         282  0.534245729    
         283  0.534594655    
         284  0.536176622    
         285  0.537713051    
         286  0.535293996    
         287  0.536551058    
         288  0.537219405    
         289  0.538096368    
         290  0.538842976    
         291  0.537826240    
         292  0.539241254    
         293  0.539360344    
         294  0.542751491    
         295  0.544695139    
         296  0.544509709    
         297  0.546268404    
         298  0.546475649    
         299  0.547249496    
         300  0.548186123    
         301  0.549893439    
         302  0.550069749    
         303  0.551466286    
         304  0.551532149    
         305  0.550697327    
         306  0.550317228    
         307  0.549573779    
         308  0.550061941    
         309  0.549841285    
         310  0.551907420    
         311  0.551266909    
         312  0.551325142    
         313  0.553866982    
         314  0.553830922    
         315  0.553520262    
         316  0.554647207    
         317  0.555057704    
         318  0.554734230    
         319  0.555670440    
         320  0.556315601    
         321  0.556923449    
         322  0.557601154    
         323  0.555916369    
         324  0.557054400    
         325  0.557542026    
         326  0.557812691    
         327  0.556937873    
         328  0.557273149    
         329  0.556204855    
         330  0.556528568    
         331  0.557494700    
         332  0.557646692    
         333  0.559951365    
         334  0.560996234    
         335  0.561112642    
         336  0.561527848    
         337  0.563049495    
         338  0.562896430    
         339  0.564168036    
         340  0.566694438    
         341  0.567825019    
         342  0.568300486    
         343  0.569160938    
         344  0.568993747    
         345  0.571006536    
         346  0.570877373    
         347  0.569588244    
         348  0.569382787    
         349  0.569789886    
         350  0.569317877    
         351  0.568876922    
         352  0.570225298    
         353  0.570205271    
         354  0.570562720    
         355  0.571627080    
         356  0.571636140    
         357  0.572597384    
         358  0.571662366    
         359  0.572445512    
         360  0.572561502    
         361  0.572915196    
         362  0.575102210    
         363  0.575747311    
         364  0.576899648    
         365  0.576925278    
         366  0.577701628    
         367  0.578424335    
         368  0.580902278    
         369  0.580458581    
         370  0.581183195    
         371  0.582471251    
         372  0.581276357    
         373  0.580794513    
         374  0.581539869    
         375  0.581411242    
         376  0.582188725    
         377  0.582492888    
         378  0.583554983    
         379  0.583014846    
         380  0.582018912    
         381  0.582498908    
         382  0.584348083    
         383  0.584729970    
         384  0.584448874    
         385  0.584803760    
         386  0.584487140    
         387  0.586027026    
         388  0.584572792    
         389  0.586769342    
         390  0.586814821    
         391  0.587396860    
         392  0.588741839    
         393  0.590399623    
         394  0.590070724    
         395  0.588523448    
         396  0.589188039    
         397  0.589378178    
         398  0.589191377    
         399  0.588039517    
         400  0.589500785    
         401  0.589787662    
         402  0.590063870    
         403  0.590713859    
         404  0.590425313    
         405  0.589290500    
         406  0.589499116    
         407  0.587817371    
         408  0.589473784    
         409  0.589873731    
         410  0.590170503    
         411  0.592715442    
         412  0.592260659    
         413  0.592152774    
         414  0.594352782    
         415  0.594999611    
         416  0.596457660    
         417  0.597978175    
         418  0.597684979    
         419  0.598243415    
         420  0.598419428    
         421  0.598295689    
         422  0.598921120    
         423  0.599909902    
         424  0.598890305    
         425  0.599056840    
         426  0.598778963    
         427  0.600160539    
         428  0.600903749    
         429  0.600862384    
         430  0.601026416    
         431  0.602066159    
         432  0.601369262    
         433  0.603649318    
         434  0.605725110    
         435  0.605850279    
         436  0.606460154    
         437  0.608752251    
         438  0.609635293    
         439  0.608392596    
         440  0.609274983    
         441  0.609329283    
         442  0.611625254    
         443  0.612554431    
         444  0.612303495    
         445  0.612205386    
         446  0.613772154    
         447  0.613631487    
         448  0.613221169    
         449  0.612364113    
         450  0.611582577    
         451  0.613398731    
         452  0.612247348    
         453  0.613844991    
         454  0.614879489    
         455  0.616288662    
         456  0.614575744    
         457  0.615047514    
         458  0.613960803    
         459  0.611972928    
         460  0.613516569    
         461  0.614728928    
         462  0.613319397    
         463  0.614657700    
         464  0.617026985    
         465  0.616707981    
         466  0.616670549    
         467  0.617174685    
         468  0.618772924    
         469  0.618509829    
         470  0.620725811    
         471  0.620685935    
         472  0.621125162    
         473  0.621043265    
         474  0.623013020    
         475  0.623038888    
         476  0.624422193    
         477  0.625049889    
         478  0.624833405    
         479  0.625050724    
         480  0.626675189    
         481  0.627779067    
         482  0.627313673    
         483  0.627444088    
         484  0.626911879    
         485  0.626100183    
         486  0.625004292    
         487  0.625579059    
         488  0.627001226    
         489  0.628190637    
         490  0.627681673    
         491  0.627033234    
         492  0.627168238    
         493  0.627175152    
         494  0.627414525    
         495  0.627119362    
         496  0.628051758    
         497  0.628074050    
         498  0.627063751    
         499  0.628225386    
         500  0.629444122    
         501  0.629891813    
         502  0.630824149    
         503  0.634689927    
         504  0.634520411    
         505  0.636342406    
         506  0.635542214    
         507  0.635307431    
         508  0.635069430    
         509  0.635472775    
         510  0.635433197    
         511  0.638922393    
         512  0.639508843    
         513  0.640978634    
         514  0.641121686    
         515  0.639962137    
         516  0.639493525    
         517  0.637743056    
         518  0.638500035    
         519  0.638024449    
         520  0.640391469    
         521  0.639427304    
         522  0.639205694    
         523  0.640180647    
         524  0.642249644    
         525  0.641850531    
         526  0.643287003    
         527  0.641985476    
         528  0.641485572    
         529  0.642377555    
         530  0.641696572    
         531  0.642746925    
         532  0.641729414    
         533  0.641600311    
         534  0.643856883    
         535  0.642694354    
         536  0.641843677    
         537  0.642022491    
         538  0.640784740    
         539  0.641897142    
         540  0.642483711    
         541  0.643717289    
         542  0.643707097    
         543  0.643335640    
         544  0.643467128    
         545  0.641385019    
         546  0.641519904    
         547  0.643795431    
         548  0.645783722    
         549  0.645735085    
         550  0.644439459    
         551  0.644341886    
         552  0.645534515    
         553  0.647990167    
         554  0.648088634    
         555  0.648497880    
         556  0.649209023    
         557  0.648633540    
         558  0.649271488    
         559  0.648573756    
         560  0.650120378    
         561  0.650996804    
         562  0.651478171    
         563  0.651143849    
         564  0.651204288    
         565  0.652295291    
         566  0.653638840    
         567  0.653096735    
         568  0.652685881    
         569  0.652519763    
         570  0.652301133    
         571  0.653866529    
         572  0.655375719    
         573  0.654592276    
         574  0.654620349    
         575  0.655332804    
         576  0.656770289    
         577  0.657297075    
         578  0.659516096    
         579  0.659101009    
         580  0.658963621    
         581  0.658182979    
         582  0.658898234    
         583  0.660361946    
         584  0.659751892    
         585  0.662677109    
         586  0.661839068    
         587  0.662746727    
         588  0.664828300    
         589  0.664632022    
         590  0.666575968    
         591  0.666298866    
         592  0.666201830    
         593  0.667217851    
         594  0.668795288    
         595  0.669076383    
         596  0.667844117    
         597  0.667988062    
         598  0.668221474    
         599  0.668958247    
         600  0.669961393    
         601  0.670799315    
         602  0.671881676    
         603  0.672602952    
         604  0.673624158    
         605  0.676039636    
         606  0.676047325    
         607  0.677703798    
         608  0.678031027    
         609  0.679408669    
         610  0.677995741    
         611  0.679220378    
         612  0.680552125    
         613  0.681787848    
         614  0.681934834    
         615  0.680763304    
         616  0.680160940    
         617  0.679531693    
         618  0.681822717    
         619  0.680863559    
         620  0.679965496    
         621  0.679710448    
         622  0.681070864    
         623  0.680975318    
         624  0.681051135    
         625  0.682002842    
         626  0.683489203    
         627  0.683484495    
         628  0.683624387    
         629  0.682579637    
         630  0.683416009    
         631  0.681882322    
         632  0.680243850    
         633  0.678764403    
         634  0.678855062    
         635  0.679705679    
         636  0.678211212    
         637  0.678896546    
         638  0.679420948    
         639  0.680229008    
         640  0.681621253    
         641  0.682985723    
         642  0.682355702    
         643  0.683988690    
         644  0.684032142    
         645  0.683280766    
         646  0.684408784    
         647  0.683518767    
         648  0.682914793    
         649  0.682634652    
         650  0.682754874    
         651  0.681874752    
         652  0.682452023    
         653  0.682898581    
         654  0.681976080    
         655  0.681883633    
         656  0.681626439    
         657  0.683514714    
         658  0.682210863    
         659  0.682925701    
         660  0.683955252    
         661  0.684202731    
         662  0.683378696    
         663  0.684516668    
         664  0.686122835    
         665  0.684914291    
         666  0.685078323    
         667  0.686984062    
         668  0.686570287    
         669  0.686783016    
         670  0.688346386    
         671  0.687827408    
         672  0.688016415    
         673  0.688198030    
         674  0.688061059    
         675  0.687855899    
         676  0.687930346    
         677  0.687307298    
         678  0.687741876    
         679  0.687694907    
         680  0.687144041    
         681  0.686927617    
         682  0.685430706    
         683  0.685570598    
         684  0.685805678    
         685  0.685142994    
         686  0.687016666    
         687  0.686528265    
         688  0.686094105    
         689  0.685156882    
         690  0.687953055    
         691  0.689131975    
         692  0.688564897    
         693  0.687952638    
         694  0.686567128    
         695  0.687491298    
         696  0.689161122    
         697  0.689976335    
         698  0.690219700    
         699  0.689957678    
         700  0.689257801    
         701  0.689554691    
         702  0.689505994    
         703  0.690727115    
         704  0.692437410    
         705  0.692667246    
         706  0.692327917    
         707  0.691498280    
         708  0.693435669    
         709  0.695265412    
         710  0.695471108    
         711  0.695090652    
         712  0.694551706    
         713  0.695506513    
         714  0.694636345    
         715  0.694998264    
         716  0.694612920    
         717  0.693610489    
         718  0.695113420    
         719  0.694031239    
         720  0.695013165    
         721  0.694374859    
         722  0.696009576    
         723  0.696460485    
         724  0.696225584    
         725  0.698481917    
         726  0.701225340    
         727  0.701988459    
         728  0.701237321    
         729  0.700841725    
         730  0.700170636    
         731  0.699131370    
         732  0.698900163    
         733  0.698629797    
         734  0.699120641    
         735  0.700564623    
         736  0.702322125    
         737  0.701397896    
         738  0.702019513    
         739  0.701800764    
         740  0.703080833    
         741  0.703158677    
         742  0.704591453    
         743  0.702693284    
         744  0.701845229    
         745  0.702233493    
         746  0.701561928    
         747  0.699892640    
         748  0.700752378    
         749  0.701706171    
         750  0.700981319    
         751  0.700183034    
         752  0.701177418    
         753  0.702196062    
         754  0.701837778    
         755  0.704417944    
         756  0.705820441    
         757  0.705830634    
         758  0.706583679    
         759  0.708693922    
         760  0.707050443    
         761  0.707828879    
         762  0.710394681    
         763  0.713458061    
         764  0.714426041    
         765  0.716125846    
         766  0.714823365    
         767  0.716547251    
         768  0.718584836    
         769  0.717101812    
         770  0.717297137    
         771  0.717413962    
         772  0.720084131    
         773  0.718681157    
         774  0.718418300    
         775  0.719071507    
         776  0.718009472    
         777  0.716707170    
         778  0.718088329    
         779  0.717310786    
         780  0.715571880    
         781  0.717996657    
         782  0.717755854    
         783  0.717819333    
         784  0.718820214    
         785  0.722597241    
         786  0.722319722    
         787  0.720600128    
         788  0.721377313    
         789  0.720457971    
         790  0.721898556    
         791  0.720946789    
         792  0.721986353    
         793  0.722943306    
         794  0.722978652    
         795  0.725617647    
         796  0.723791122    
         797  0.723510921    
         798  0.724722385    
         799  0.723591089    
         800  0.723666131    
         801  0.725563943    
         802  0.726072252    
         803  0.724026442    
         804  0.722919524    
         805  0.723333716    
         806  0.723885953    
         807  0.722885609    
         808  0.725844204    
         809  0.725858748    
         810  0.724750221    
         811  0.726229966    
         812  0.728098094    
         813  0.727180421    
         814  0.726286948    
         815  0.726292908    
         816  0.725824296    
         817  0.726618946    
         818  0.727006018    
         819  0.726744950    
         820  0.728337109    
         821  0.727943599    
         822  0.727582514    
         823  0.727431774    
         824  0.728412449    
         825  0.728882015    
         826  0.729220927    
         827  0.729179442    
         828  0.728857696    
         829  0.729535699    
         830  0.729957581    
         831  0.730586290    
         832  0.730281949    
         833  0.729603529    
         834  0.729941308    
         835  0.730087757    
         836  0.730591297    
         837  0.729598105    
         838  0.730979919    
         839  0.731861770    
         840  0.734165668    
         841  0.733937383    
         842  0.736232102    
         843  0.734274566    
         844  0.735334396    
         845  0.734662771    
         846  0.734428227    
         847  0.733673930    
         848  0.735585690    
         849  0.735544264    
         850  0.736044705    
         851  0.735080600    
         852  0.736978471    
         853  0.736263573    
         854  0.736267030    
         855  0.737355590    
         856  0.737006903    
         857  0.735819161    
         858  0.735265434    
         859  0.736150205    
         860  0.735721469    
         861  0.736819923    
         862  0.735038698    
         863  0.736046016    
         864  0.737093329    
         865  0.735853732    
         866  0.733880997    
         867  0.736053765    
         868  0.733985841    
         869  0.735677063    
         870  0.736408532    
         871  0.735023081    
         872  0.735615611    
         873  0.737355292    
         874  0.738887012    
         875  0.738666952    
         876  0.739217818    
         877  0.739853203    
         878  0.740318000    
         879  0.740848720    
         880  0.741088033    
         881  0.741757572    
         882  0.740879476    
         883  0.741956532    
         884  0.740724921    
         885  0.739774883    
         886  0.739111781    
         887  0.739146948    
         888  0.740827501    
         889  0.740044117    
         890  0.739204586    
         891  0.740607679    
         892  0.741582811    
         893  0.740322471    
         894  0.738288581    
         895  0.738894582    
         896  0.738171577    
         897  0.738149285    
         898  0.739509046    
         899  0.739046454    
         900  0.738144696    
         901  0.737463295    
         902  0.736416638    
         903  0.737216532    
         904  0.737303555    
         905  0.737751245    
         906  0.738707662    
         907  0.738354862    
         908  0.738392532    
         909  0.740386069    
         910  0.738390088    
         911  0.738478661    
         912  0.740486503    
         913  0.739373982    
         914  0.738621354    
         915  0.738002717    
         916  0.740828633    
         917  0.742339909    
         918  0.740749598    
         919  0.740917504    
         920  0.740966618    
         921  0.739427030    
         922  0.739793181    
         923  0.742256105    
         924  0.743267119    
         925  0.743762076    
         926  0.744861543    
         927  0.744713604    
         928  0.746523440    
         929  0.750398040    
         930  0.751849651    
         931  0.750962436    
         932  0.753012121    
         933  0.753799915    
         934  0.753347933    
         935  0.753572345    
         936  0.753143907    
         937  0.754458249    
         938  0.754534364    
         939  0.755722523    
         940  0.756757557    
         941  0.757097602    
         942  0.758350253    
         943  0.756418705    
         944  0.757190704    
         945  0.755948603    
         946  0.755471706    
         947  0.755394161    
         948  0.754228592    
         949  0.753125787    
         950  0.753732085    
         951  0.753360331    
         952  0.753084660    
         953  0.752335489    
         954  0.752907634    
         955  0.752901018    
         956  0.751706958    
         957  0.751691639    
         958  0.751054823    
         959  0.750786245    
         960  0.750210166    
         961  0.751646399    
         962  0.752260923    
         963  0.751665711    
         964  0.750433564    
         965  0.752014995    
         966  0.752128422    
         967  0.752847493    
         968  0.752847075    
         969  0.752861738    
         970  0.754002869    
         971  0.753912449    
         972  0.753732800    
         973  0.754069448    
         974  0.755315423    
         975  0.756740570    
         976  0.756617606    
         977  0.755783677    
         978  0.756723285    
         979  0.756580651    
         980  0.756733596    
         981  0.756732285    
         982  0.757546425    
         983  0.758518517    
         984  0.758547127    
         985  0.758656621    
         986  0.757743537    
         987  0.755708754    
         988  0.754456758    
         989  0.754240394    
         990  0.753125787    
         991  0.752718627    
         992  0.751651645    
         993  0.752209127    
         994  0.751926839    
         995  0.750093162    
         996  0.750774503    
         997  0.751382887    
         998  0.752629340    
         999  0.752817988    
        1000  0.753800750    
