           1  0.340746611    
           2  0.343179375    
           3  0.343888700    
           4  0.345340431    
           5  0.348010778    
           6  0.347803295    
           7  0.349193424    
           8  0.349303603    
           9  0.351753354    
          10  0.354604483    
          11  0.355894178    
          12  0.357450038    
          13  0.359283984    
          14  0.361293167    
          15  0.361221999    
          16  0.362793475    
          17  0.364461720    
          18  0.365948111    
          19  0.367615819    
          20  0.368526638    
          21  0.369022638    
          22  0.370767087    
          23  0.371420860    
          24  0.373164535    
          25  0.374674529    
          26  0.375288188    
          27  0.374368519    
          28  0.374730140    
          29  0.375525594    
          30  0.375757605    
          31  0.377671182    
          32  0.378765881    
          33  0.380199373    
          34  0.381758124    
          35  0.382474184    
          36  0.384812653    
          37  0.386648297    
          38  0.387237906    
          39  0.387438744    
          40  0.387161613    
          41  0.388136417    
          42  0.388841003    
          43  0.390557736    
          44  0.391296834    
          45  0.391107231    
          46  0.392379880    
          47  0.394543201    
          48  0.395100325    
          49  0.396927118    
          50  0.398364455    
          51  0.399442524    
          52  0.402088255    
          53  0.401192486    
          54  0.403248698    
          55  0.402655452    
          56  0.404035598    
          57  0.403965414    
          58  0.403561890    
          59  0.405236244    
          60  0.406540453    
          61  0.408228248    
          62  0.409096420    
          63  0.411129773    
          64  0.412520498    
          65  0.414838850    
          66  0.417019814    
          67  0.418051034    
          68  0.419073433    
          69  0.420958310    
          70  0.421615481    
          71  0.421721280    
          72  0.421632230    
          73  0.423402309    
          74  0.425171763    
          75  0.427278042    
          76  0.427216798    
          77  0.429264039    
          78  0.430052936    
          79  0.430419892    
          80  0.430991530    
          81  0.433737308    
          82  0.434044272    
          83  0.432497561    
          84  0.433479160    
          85  0.435963601    
          86  0.437238753    
          87  0.436545312    
          88  0.437549204    
          89  0.438172877    
          90  0.439777285    
          91  0.440092713    
          92  0.441857010    
          93  0.443049997    
          94  0.444959700    
          95  0.444913328    
          96  0.445642859    
          97  0.446085870    
          98  0.445680082    
          99  0.445854247    
         100  0.447098434    
         101  0.448486239    
         102  0.449194759    
         103  0.449224293    
         104  0.449765235    
         105  0.451732248    
         106  0.453645140    
         107  0.454079032    
         108  0.453779876    
         109  0.454614729    
         110  0.455102026    
         111  0.455573320    
         112  0.455364943    
         113  0.455128938    
         114  0.454341382    
         115  0.454638124    
         116  0.453711689    
         117  0.453733593    
         118  0.455993712    
         119  0.455851585    
         120  0.457726330    
         121  0.458867371    
         122  0.460507810    
         123  0.461243451    
         124  0.463264614    
         125  0.463762462    
         126  0.465444505    
         127  0.467285872    
         128  0.466791332    
         129  0.466847956    
         130  0.467083722    
         131  0.467234135    
         132  0.468931586    
         133  0.468242556    
         134  0.467193186    
         135  0.467536241    
         136  0.467097640    
         137  0.468625993    
         138  0.470874041    
         139  0.470452428    
         140  0.472756147    
         141  0.471941948    
         142  0.472723275    
         143  0.472350240    
         144  0.473364890    
         145  0.474289536    
         146  0.475184262    
         147  0.475237548    
         148  0.476345450    
         149  0.475255638    
         150  0.474859357    
         151  0.477241188    
         152  0.477868617    
         153  0.479098886    
         154  0.480091095    
         155  0.479330301    
         156  0.479677558    
         157  0.481056124    
         158  0.483216822    
         159  0.481435299    
         160  0.483478367    
         161  0.483833373    
         162  0.483784795    
         163  0.484942049    
         164  0.485706180    
         165  0.486253917    
         166  0.486273259    
         167  0.486845613    
         168  0.488394588    
         169  0.488399744    
         170  0.487360150    
         171  0.487313926    
         172  0.488008618    
         173  0.487522990    
         174  0.487218171    
         175  0.487889022    
         176  0.488711983    
         177  0.488842338    
         178  0.488353550    
         179  0.487329513    
         180  0.486553341    
         181  0.486725718    
         182  0.487516940    
         183  0.487463892    
         184  0.488950729    
         185  0.488389850    
         186  0.489524364    
         187  0.489239752    
         188  0.489847302    
         189  0.488767445    
         190  0.490319669    
         191  0.492649049    
         192  0.492712975    
         193  0.493899316    
         194  0.493108630    
         195  0.494022667    
         196  0.496011585    
         197  0.495062649    
         198  0.495257467    
         199  0.496655226    
         200  0.498295188    
         201  0.498638541    
         202  0.499756664    
         203  0.500761449    
         204  0.501298249    
         205  0.503527403    
         206  0.503837883    
         207  0.504627228    
         208  0.502483010    
         209  0.502476990    
         210  0.502410531    
         211  0.503617704    
         212  0.506086886    
         213  0.507236779    
         214  0.507731438    
         215  0.506875694    
         216  0.507845521    
         217  0.508910954    
         218  0.509753704    
         219  0.510255039    
         220  0.511214614    
         221  0.511913598    
         222  0.512517631    
         223  0.513239384    
         224  0.512928843    
         225  0.513083279    
         226  0.514636338    
         227  0.516288161    
         228  0.517205358    
         229  0.516123056    
         230  0.516318977    
         231  0.517306805    
         232  0.517014802    
         233  0.518766642    
         234  0.517635107    
         235  0.518820584    
         236  0.520660400    
         237  0.521021187    
         238  0.520036757    
         239  0.521127164    
         240  0.522061825    
         241  0.524041533    
         242  0.525110960    
         243  0.526438177    
         244  0.526785314    
         245  0.528295815    
         246  0.528222442    
         247  0.529132247    
         248  0.529756963    
         249  0.530600429    
         250  0.531853795    
         251  0.530264020    
         252  0.528995514    
         253  0.529315948    
         254  0.529868782    
         255  0.530432403    
         256  0.529998481    
         257  0.530177712    
         258  0.530153275    
         259  0.532002866    
         260  0.532412529    
         261  0.532847404    
         262  0.533763349    
         263  0.534867823    
         264  0.535446227    
         265  0.537311733    
         266  0.539251566    
         267  0.538183451    
         268  0.539413452    
         269  0.540561140    
         270  0.542061150    
         271  0.543655455    
         272  0.543815434    
         273  0.544744849    
         274  0.543941975    
         275  0.545830786    
         276  0.545478523    
         277  0.546029866    
         278  0.548765421    
         279  0.547575891    
         280  0.547935128    
         281  0.546866953    
         282  0.546909511    
         283  0.547361016    
         284  0.548944175    
         285  0.549775541    
         286  0.550696135    
         287  0.550880313    
         288  0.551997542    
         289  0.552538633    
         290  0.553507030    
         291  0.552370071    
         292  0.553159893    
         293  0.552866340    
         294  0.552306294    
         295  0.551986277    
         296  0.553295374    
         297  0.552050114    
         298  0.553180516    
         299  0.553985775    
         300  0.554252982    
         301  0.555544615    
         302  0.555556476    
         303  0.557247162    
         304  0.557600200    
         305  0.559285939    
         306  0.560016870    
         307  0.560122311    
         308  0.561451077    
         309  0.562490225    
         310  0.562484205    
         311  0.562642097    
         312  0.563976705    
         313  0.565521657    
         314  0.565260768    
         315  0.565363169    
         316  0.564992130    
         317  0.565252960    
         318  0.566335917    
         319  0.567811787    
         320  0.567054212    
         321  0.566190243    
         322  0.565875828    
         323  0.566367209    
         324  0.566423774    
         325  0.566100538    
         326  0.566386878    
         327  0.567489088    
         328  0.566093445    
         329  0.566819489    
         330  0.567480743    
         331  0.569143772    
         332  0.569249213    
         333  0.569896519    
         334  0.569927990    
         335  0.570422590    
         336  0.571799219    
         337  0.572056592    
         338  0.572800636    
         339  0.573986948    
         340  0.574182928    
         341  0.575108171    
         342  0.575179517    
         343  0.575312555    
         344  0.575978696    
         345  0.575950801    
         346  0.575631559    
         347  0.576263130    
         348  0.577025592    
         349  0.578970313    
         350  0.579689860    
         351  0.579965532    
         352  0.581780016    
         353  0.581756234    
         354  0.584026158    
         355  0.584623516    
         356  0.585336149    
         357  0.585327566    
         358  0.585689604    
         359  0.586145103    
         360  0.587884665    
         361  0.587351024    
         362  0.588621616    
         363  0.589407206    
         364  0.589403331    
         365  0.588396549    
         366  0.588461220    
         367  0.589083076    
         368  0.592211127    
         369  0.592442214    
         370  0.590372384    
         371  0.592459977    
         372  0.591825783    
         373  0.592893839    
         374  0.592698216    
         375  0.592978895    
         376  0.595353007    
         377  0.596084714    
         378  0.595528066    
         379  0.595977724    
         380  0.595557868    
         381  0.595359504    
         382  0.594921947    
         383  0.595811188    
         384  0.595518768    
         385  0.597766936    
         386  0.599104524    
         387  0.598591566    
         388  0.597543955    
         389  0.597286403    
         390  0.599390149    
         391  0.599775016    
         392  0.598902762    
         393  0.598785281    
         394  0.598110259    
         395  0.600304842    
         396  0.598867059    
         397  0.599023461    
         398  0.601865530    
         399  0.601441562    
         400  0.603549302    
         401  0.602857053    
         402  0.603936553    
         403  0.603934288    
         404  0.602751195    
         405  0.604446828    
         406  0.604478419    
         407  0.605229020    
         408  0.606707335    
         409  0.607057095    
         410  0.607569575    
         411  0.607062101    
         412  0.607622147    
         413  0.607501924    
         414  0.607833862    
         415  0.607979476    
         416  0.606895506    
         417  0.605768085    
         418  0.606477618    
         419  0.605677843    
         420  0.605132699    
         421  0.605470598    
         422  0.606035769    
         423  0.606520832    
         424  0.604927242    
         425  0.605094910    
         426  0.604540288    
         427  0.604164004    
         428  0.604609549    
         429  0.604644060    
         430  0.606491685    
         431  0.606952846    
         432  0.607671022    
         433  0.607051671    
         434  0.607724667    
         435  0.608638167    
         436  0.609940231    
         437  0.610372305    
         438  0.610155702    
         439  0.611439466    
         440  0.612044334    
         441  0.611702502    
         442  0.612920225    
         443  0.614890039    
         444  0.616348505    
         445  0.615667045    
         446  0.616040111    
         447  0.617723942    
         448  0.617080986    
         449  0.617308617    
         450  0.616616666    
         451  0.617389798    
         452  0.618652999    
         453  0.619689286    
         454  0.620033622    
         455  0.621606469    
         456  0.621975482    
         457  0.622716010    
         458  0.623663068    
         459  0.625285864    
         460  0.624465466    
         461  0.624136448    
         462  0.623521864    
         463  0.623756528    
         464  0.623874009    
         465  0.622779369    
         466  0.623162091    
         467  0.626507580    
         468  0.627463460    
         469  0.629065096    
         470  0.628305733    
         471  0.627715349    
         472  0.628095746    
         473  0.629619360    
         474  0.630754828    
         475  0.629335582    
         476  0.628410578    
         477  0.627197385    
         478  0.626028836    
         479  0.628629148    
         480  0.628943384    
         481  0.629453778    
         482  0.628377974    
         483  0.628175676    
         484  0.629006565    
         485  0.630585372    
         486  0.629950643    
         487  0.629802525    
         488  0.629471838    
         489  0.631964445    
         490  0.631754816    
         491  0.632830024    
         492  0.633674026    
         493  0.635248184    
         494  0.637961566    
         495  0.637937307    
         496  0.639015615    
         497  0.638631105    
         498  0.638849676    
         499  0.639117956    
         500  0.638092697    
         501  0.635765195    
         502  0.635622680    
         503  0.636614323    
         504  0.636670172    
         505  0.639192522    
         506  0.637775183    
         507  0.638170063    
         508  0.638548195    
         509  0.638691068    
         510  0.641208053    
         511  0.642327607    
         512  0.641062081    
         513  0.641244054    
         514  0.642572284    
         515  0.642691374    
         516  0.641694307    
         517  0.642135918    
         518  0.641801476    
         519  0.641060710    
         520  0.642202556    
         521  0.642867386    
         522  0.640645623    
         523  0.642358959    
         524  0.645542383    
         525  0.643352032    
         526  0.643144965    
         527  0.643916190    
         528  0.644333720    
         529  0.643855989    
         530  0.644808471    
         531  0.643239498    
         532  0.641809821    
         533  0.642727435    
         534  0.642258406    
         535  0.640719473    
         536  0.639793754    
         537  0.641174316    
         538  0.639488935    
         539  0.639045894    
         540  0.638667047    
         541  0.640750706    
         542  0.639181018    
         543  0.640942037    
         544  0.641030550    
         545  0.641343534    
         546  0.640938520    
         547  0.641311288    
         548  0.641602218    
         549  0.641727746    
         550  0.642902553    
         551  0.643473208    
         552  0.643938243    
         553  0.644795418    
         554  0.646028757    
         555  0.645197511    
         556  0.643971622    
         557  0.645900130    
         558  0.646889389    
         559  0.646517515    
         560  0.645088315    
         561  0.643769383    
         562  0.645435989    
         563  0.646372795    
         564  0.646992862    
         565  0.647049427    
         566  0.645587027    
         567  0.646522701    
         568  0.647763848    
         569  0.647492290    
         570  0.647408426    
         571  0.647216976    
         572  0.648586214    
         573  0.650853872    
         574  0.652493775    
         575  0.653531373    
         576  0.652787685    
         577  0.653948963    
         578  0.656165302    
         579  0.655271530    
         580  0.655246317    
         581  0.655323863    
         582  0.655530453    
         583  0.656579852    
         584  0.657422483    
         585  0.657952964    
         586  0.657043457    
         587  0.657908916    
         588  0.658739984    
         589  0.658011615    
         590  0.657973826    
         591  0.655240953    
         592  0.654650986    
         593  0.655545831    
         594  0.654759467    
         595  0.653998792    
         596  0.651908934    
         597  0.652635455    
         598  0.652107596    
         599  0.653886557    
         600  0.654099524    
         601  0.653769732    
         602  0.654218912    
         603  0.655719757    
         604  0.655132174    
         605  0.656426072    
         606  0.657515168    
         607  0.656852007    
         608  0.656368315    
         609  0.656546593    
         610  0.658404648    
         611  0.658776939    
         612  0.659774005    
         613  0.660592556    
         614  0.661423147    
         615  0.663327932    
         616  0.662491977    
         617  0.662921727    
         618  0.663175762    
         619  0.662732959    
         620  0.662243307    
         621  0.661775887    
         622  0.660931945    
         623  0.661101282    
         624  0.662917137    
         625  0.663847625    
         626  0.665434122    
         627  0.665028751    
         628  0.665582955    
         629  0.664202631    
         630  0.665880859    
         631  0.664744198    
         632  0.665264189    
         633  0.666301131    
         634  0.666903555    
         635  0.667269707    
         636  0.666898310    
         637  0.668164015    
         638  0.669152319    
         639  0.667976558    
         640  0.667184055    
         641  0.666965067    
         642  0.668535471    
         643  0.668829858    
         644  0.670023084    
         645  0.669935703    
         646  0.670891583    
         647  0.670563281    
         648  0.668867171    
         649  0.669802427    
         650  0.670975208    
         651  0.672430038    
         652  0.672266066    
         653  0.673719168    
         654  0.673737705    
         655  0.674521863    
         656  0.674779177    
         657  0.675550878    
         658  0.676698327    
         659  0.675943971    
         660  0.676446259    
         661  0.676657856    
         662  0.675203085    
         663  0.677116156    
         664  0.678461373    
         665  0.678226113    
         666  0.677984655    
         667  0.677503288    
         668  0.678699672    
         669  0.678525984    
         670  0.677906454    
         671  0.678460121    
         672  0.678487957    
         673  0.678449154    
         674  0.676826775    
         675  0.677815020    
         676  0.676690578    
         677  0.678016901    
         678  0.678728700    
         679  0.679004610    
         680  0.680351079    
         681  0.679375947    
         682  0.678989589    
         683  0.678738296    
         684  0.679790080    
         685  0.680446148    
         686  0.680730700    
         687  0.680220068    
         688  0.679873407    
         689  0.681268036    
         690  0.681516886    
         691  0.683387160    
         692  0.681930363    
         693  0.681782365    
         694  0.682377636    
         695  0.681875408    
         696  0.682081878    
         697  0.682326913    
         698  0.683119595    
         699  0.681672573    
         700  0.681196213    
         701  0.681735754    
         702  0.681678772    
         703  0.683859229    
         704  0.682959318    
         705  0.682314873    
         706  0.682446361    
         707  0.683103144    
         708  0.683692634    
         709  0.683162987    
         710  0.682891846    
         711  0.682085752    
         712  0.683572710    
         713  0.683433414    
         714  0.683674991    
         715  0.683328986    
         716  0.682569444    
         717  0.682344913    
         718  0.681968212    
         719  0.682058573    
         720  0.682766080    
         721  0.683209419    
         722  0.685224712    
         723  0.685218751    
         724  0.684839070    
         725  0.683547080    
         726  0.683682323    
         727  0.684292793    
         728  0.683561504    
         729  0.684404969    
         730  0.686353624    
         731  0.686456263    
         732  0.687492192    
         733  0.686121047    
         734  0.686416268    
         735  0.688629448    
         736  0.687853694    
         737  0.687890768    
         738  0.687963545    
         739  0.688040733    
         740  0.688149571    
         741  0.688554466    
         742  0.690521657    
         743  0.692819595    
         744  0.691167176    
         745  0.692716360    
         746  0.693137884    
         747  0.695243955    
         748  0.695894718    
         749  0.695129812    
         750  0.694908559    
         751  0.695829391    
         752  0.696464777    
         753  0.697185099    
         754  0.698621035    
         755  0.701678514    
         756  0.702828407    
         757  0.701482177    
         758  0.701466680    
         759  0.702904522    
         760  0.704674482    
         761  0.703695178    
         762  0.703764439    
         763  0.702928901    
         764  0.702272892    
         765  0.701565862    
         766  0.700387001    
         767  0.701305926    
         768  0.701424837    
         769  0.701481044    
         770  0.700211287    
         771  0.700582385    
         772  0.701339006    
         773  0.700034738    
         774  0.700470746    
         775  0.701074004    
         776  0.700878799    
         777  0.701678813    
         778  0.704675436    
         779  0.705413878    
         780  0.704992294    
         781  0.704749346    
         782  0.704608560    
         783  0.704014659    
         784  0.702204704    
         785  0.700640738    
         786  0.699730575    
         787  0.700945199    
         788  0.700442016    
         789  0.702741265    
         790  0.703510463    
         791  0.703164220    
         792  0.703214705    
         793  0.704069138    
         794  0.703675807    
         795  0.703652143    
         796  0.705039740    
         797  0.705292583    
         798  0.704997480    
         799  0.704657018    
         800  0.704864323    
         801  0.705082595    
         802  0.706379712    
         803  0.706462741    
         804  0.706729531    
         805  0.708039582    
         806  0.708868146    
         807  0.710551441    
         808  0.713312149    
         809  0.713618875    
         810  0.714092672    
         811  0.713716686    
         812  0.712618589    
         813  0.711588025    
         814  0.710892498    
         815  0.710306287    
         816  0.710632980    
         817  0.711870968    
         818  0.713354826    
         819  0.713386953    
         820  0.714522243    
         821  0.714916170    
         822  0.713542402    
         823  0.714473784    
         824  0.714246809    
         825  0.714505553    
         826  0.714533687    
         827  0.714333475    
         828  0.714871109    
         829  0.714821696    
         830  0.714007616    
         831  0.713479578    
         832  0.716583133    
         833  0.716769695    
         834  0.717022300    
         835  0.716064155    
         836  0.716616869    
         837  0.717504203    
         838  0.718985856    
         839  0.718743682    
         840  0.718577325    
         841  0.718966067    
         842  0.718927085    
         843  0.718198717    
         844  0.719098747    
         845  0.720161498    
         846  0.720944583    
         847  0.722310007    
         848  0.722869217    
         849  0.724350095    
         850  0.725256205    
         851  0.725944936    
         852  0.727167547    
         853  0.727288783    
         854  0.728309095    
         855  0.728257358    
         856  0.727785587    
         857  0.727695763    
         858  0.729792118    
         859  0.726848066    
         860  0.727494657    
         861  0.727249265    
         862  0.729245901    
         863  0.727897942    
         864  0.728450537    
         865  0.730047524    
         866  0.729972124    
         867  0.734588265    
         868  0.737265229    
         869  0.736835599    
         870  0.738482654    
         871  0.738000810    
         872  0.737473547    
         873  0.736579120    
         874  0.736861587    
         875  0.737174690    
         876  0.736786067    
         877  0.735866785    
         878  0.736061335    
         879  0.736832678    
         880  0.736935675    
         881  0.736642241    
         882  0.737050235    
         883  0.736221373    
         884  0.737833619    
         885  0.740087688    
         886  0.737833202    
         887  0.737869978    
         888  0.736765206    
         889  0.736566067    
         890  0.737817168    
         891  0.738399148    
         892  0.739102483    
         893  0.738917053    
         894  0.738315582    
         895  0.738160610    
         896  0.737476349    
         897  0.736875594    
         898  0.736287832    
         899  0.736900866    
         900  0.737766385    
         901  0.738204658    
         902  0.740379214    
         903  0.739872992    
         904  0.738497198    
         905  0.739858091    
         906  0.738648713    
         907  0.740621924    
         908  0.740237534    
         909  0.738276362    
         910  0.740583301    
         911  0.740331113    
         912  0.737935185    
         913  0.737689614    
         914  0.737003803    
         915  0.736579418    
         916  0.735822141    
         917  0.735689223    
         918  0.735366404    
         919  0.733874977    
         920  0.734152794    
         921  0.733297229    
         922  0.733443558    
         923  0.731638074    
         924  0.732644320    
         925  0.733559549    
         926  0.733783245    
         927  0.734790444    
         928  0.736453414    
         929  0.737202287    
         930  0.741217494    
         931  0.740925670    
         932  0.740458429    
         933  0.739618480    
         934  0.739763141    
         935  0.738997340    
         936  0.739996195    
         937  0.741344094    
         938  0.740223348    
         939  0.739636958    
         940  0.740579426    
         941  0.741347790    
         942  0.740851045    
         943  0.740652978    
         944  0.740006506    
         945  0.741322815    
         946  0.740953922    
         947  0.740076721    
         948  0.740190566    
         949  0.739696205    
         950  0.741934597    
         951  0.740463078    
         952  0.739543498    
         953  0.738912821    
         954  0.738394797    
         955  0.739649475    
         956  0.738154233    
         957  0.736561835    
         958  0.735923707    
         959  0.736045420    
         960  0.736945212    
         961  0.736344039    
         962  0.737076998    
         963  0.737771034    
         964  0.737891555    
         965  0.737427533    
         966  0.738117635    
         967  0.739121675    
         968  0.739572167    
         969  0.738697767    
         970  0.739560008    
         971  0.739366293    
         972  0.739525735    
         973  0.739121199    
         974  0.738926113    
         975  0.738869548    
         976  0.740597069    
         977  0.741692424    
         978  0.742387474    
         979  0.743164778    
         980  0.744716644    
         981  0.743700206    
         982  0.743368685    
         983  0.742205858    
         984  0.743910015    
         985  0.743745506    
         986  0.745106041    
         987  0.743555069    
         988  0.743856966    
         989  0.743196964    
         990  0.743676066    
         991  0.744422615    
         992  0.745507836    
         993  0.746110380    
         994  0.746596396    
         995  0.748515546    
         996  0.749260128    
         997  0.748777747    
         998  0.748306513    
         999  0.747521758    
        1000  0.750212967    
