           1  0.336098701    
           2  0.336932510    
           3  0.338241786    
           4  0.339954674    
           5  0.342090994    
           6  0.343592644    
           7  0.346137255    
           8  0.346571475    
           9  0.348704219    
          10  0.350568861    
          11  0.350849837    
          12  0.351537794    
          13  0.352890402    
          14  0.353673369    
          15  0.354584634    
          16  0.355974853    
          17  0.355801493    
          18  0.356741399    
          19  0.358139992    
          20  0.359467804    
          21  0.360844672    
          22  0.361610740    
          23  0.362551719    
          24  0.362222493    
          25  0.363147527    
          26  0.364821851    
          27  0.366362631    
          28  0.368639141    
          29  0.369403034    
          30  0.370295554    
          31  0.370098442    
          32  0.371572196    
          33  0.373721421    
          34  0.376238316    
          35  0.376633674    
          36  0.378848314    
          37  0.381847382    
          38  0.383483112    
          39  0.382991672    
          40  0.384040475    
          41  0.386237323    
          42  0.387578607    
          43  0.387322694    
          44  0.387775511    
          45  0.389479190    
          46  0.390487939    
          47  0.389750242    
          48  0.391213030    
          49  0.392841667    
          50  0.394393265    
          51  0.395293772    
          52  0.396845937    
          53  0.399239123    
          54  0.399217397    
          55  0.401232481    
          56  0.403001338    
          57  0.405495346    
          58  0.406671286    
          59  0.407560319    
          60  0.409313858    
          61  0.408129007    
          62  0.410244197    
          63  0.410316914    
          64  0.409562260    
          65  0.409279525    
          66  0.408597618    
          67  0.410043687    
          68  0.412168980    
          69  0.413536370    
          70  0.414114922    
          71  0.413039953    
          72  0.414484173    
          73  0.414507866    
          74  0.415576935    
          75  0.417681068    
          76  0.418133199    
          77  0.418494195    
          78  0.419762403    
          79  0.420924366    
          80  0.422612458    
          81  0.422306567    
          82  0.423644274    
          83  0.425626427    
          84  0.426174700    
          85  0.428235561    
          86  0.429418623    
          87  0.431103289    
          88  0.434316188    
          89  0.437475532    
          90  0.440747231    
          91  0.441503227    
          92  0.442303747    
          93  0.442216426    
          94  0.441911221    
          95  0.443089604    
          96  0.445396960    
          97  0.446345627    
          98  0.446206093    
          99  0.448399663    
         100  0.450669527    
         101  0.451014429    
         102  0.451615572    
         103  0.451512158    
         104  0.453548104    
         105  0.453639537    
         106  0.456401795    
         107  0.456389517    
         108  0.456703871    
         109  0.457851410    
         110  0.458889425    
         111  0.458656013    
         112  0.460747600    
         113  0.461238205    
         114  0.461189985    
         115  0.461955070    
         116  0.462420493    
         117  0.463298231    
         118  0.461905509    
         119  0.463393599    
         120  0.465974152    
         121  0.467896551    
         122  0.467337549    
         123  0.467823952    
         124  0.468492806    
         125  0.468525141    
         126  0.469664305    
         127  0.470919162    
         128  0.472144663    
         129  0.472846687    
         130  0.473772079    
         131  0.476060659    
         132  0.477820128    
         133  0.478845447    
         134  0.481227040    
         135  0.480814874    
         136  0.480589449    
         137  0.482307822    
         138  0.481721520    
         139  0.480991393    
         140  0.480546057    
         141  0.480502546    
         142  0.481750846    
         143  0.482364118    
         144  0.483497411    
         145  0.485255867    
         146  0.485769331    
         147  0.487558573    
         148  0.488448799    
         149  0.488743782    
         150  0.490311801    
         151  0.490372807    
         152  0.491431832    
         153  0.493138671    
         154  0.493980706    
         155  0.494438767    
         156  0.494741082    
         157  0.494456917    
         158  0.494089454    
         159  0.494198143    
         160  0.495093971    
         161  0.494957477    
         162  0.495990247    
         163  0.494700968    
         164  0.494597226    
         165  0.495430052    
         166  0.496499658    
         167  0.496391982    
         168  0.495924205    
         169  0.496619880    
         170  0.498840362    
         171  0.498177558    
         172  0.499578714    
         173  0.500277758    
         174  0.499006718    
         175  0.500876427    
         176  0.501134694    
         177  0.499475151    
         178  0.499351114    
         179  0.499007314    
         180  0.499462456    
         181  0.500729382    
         182  0.500493944    
         183  0.500779152    
         184  0.503291547    
         185  0.501619101    
         186  0.502570689    
         187  0.502017021    
         188  0.502439380    
         189  0.504269183    
         190  0.503384531    
         191  0.504562140    
         192  0.504336774    
         193  0.504032612    
         194  0.503929317    
         195  0.502272308    
         196  0.502644777    
         197  0.503835320    
         198  0.505711317    
         199  0.505255938    
         200  0.506528020    
         201  0.508016050    
         202  0.508901119    
         203  0.510262549    
         204  0.510889471    
         205  0.511229396    
         206  0.510964215    
         207  0.511357963    
         208  0.512415886    
         209  0.513410091    
         210  0.513776779    
         211  0.514436722    
         212  0.514697134    
         213  0.515657008    
         214  0.515858531    
         215  0.516575217    
         216  0.518108070    
         217  0.518895864    
         218  0.520572364    
         219  0.520269454    
         220  0.520127714    
         221  0.519641995    
         222  0.522254407    
         223  0.523028851    
         224  0.523495913    
         225  0.523305774    
         226  0.524696231    
         227  0.526090682    
         228  0.527335107    
         229  0.527094662    
         230  0.526158512    
         231  0.526353776    
         232  0.526141405    
         233  0.527000844    
         234  0.527498186    
         235  0.528761208    
         236  0.528097153    
         237  0.530223906    
         238  0.530582905    
         239  0.531436384    
         240  0.532949924    
         241  0.532529354    
         242  0.533009708    
         243  0.533359706    
         244  0.532851696    
         245  0.533463180    
         246  0.535059392    
         247  0.536571860    
         248  0.536249280    
         249  0.536896706    
         250  0.536290944    
         251  0.537900567    
         252  0.538072348    
         253  0.538981855    
         254  0.538128614    
         255  0.536830664    
         256  0.536280990    
         257  0.538714886    
         258  0.539431334    
         259  0.539074183    
         260  0.538740277    
         261  0.538491786    
         262  0.539369822    
         263  0.539358377    
         264  0.540565073    
         265  0.540609598    
         266  0.543360412    
         267  0.543264806    
         268  0.543907702    
         269  0.545291483    
         270  0.547116160    
         271  0.546946406    
         272  0.548153162    
         273  0.550601363    
         274  0.552033782    
         275  0.550874889    
         276  0.551334620    
         277  0.549371898    
         278  0.548255980    
         279  0.548403859    
         280  0.548587561    
         281  0.547934234    
         282  0.549613655    
         283  0.549126923    
         284  0.549697578    
         285  0.550834954    
         286  0.550907969    
         287  0.551946938    
         288  0.553130865    
         289  0.554958522    
         290  0.554604471    
         291  0.556079209    
         292  0.555837452    
         293  0.554965794    
         294  0.554737031    
         295  0.553708971    
         296  0.555420101    
         297  0.557665169    
         298  0.558966577    
         299  0.559920967    
         300  0.561255217    
         301  0.561035097    
         302  0.561571956    
         303  0.559694290    
         304  0.559793472    
         305  0.560122490    
         306  0.560581744    
         307  0.562135816    
         308  0.562179029    
         309  0.561841369    
         310  0.562677085    
         311  0.564849794    
         312  0.564892471    
         313  0.565971076    
         314  0.565125704    
         315  0.566560030    
         316  0.565143228    
         317  0.566301525    
         318  0.566389322    
         319  0.566724300    
         320  0.567539334    
         321  0.567006826    
         322  0.565587103    
         323  0.566792190    
         324  0.566388130    
         325  0.565906465    
         326  0.566754937    
         327  0.565756798    
         328  0.566852987    
         329  0.567047834    
         330  0.567539692    
         331  0.567781091    
         332  0.569288790    
         333  0.568959713    
         334  0.568179667    
         335  0.566710949    
         336  0.567829311    
         337  0.567796946    
         338  0.568278193    
         339  0.570665002    
         340  0.568903089    
         341  0.571230948    
         342  0.571521103    
         343  0.572108924    
         344  0.572439969    
         345  0.573244691    
         346  0.574373960    
         347  0.575823963    
         348  0.576891959    
         349  0.576762080    
         350  0.576180100    
         351  0.577284455    
         352  0.577826679    
         353  0.577325761    
         354  0.578355849    
         355  0.579878807    
         356  0.579695582    
         357  0.579341292    
         358  0.580798864    
         359  0.580550730    
         360  0.581213951    
         361  0.581252515    
         362  0.579857767    
         363  0.580761671    
         364  0.579064488    
         365  0.580430865    
         366  0.580877364    
         367  0.580750167    
         368  0.580778420    
         369  0.581910014    
         370  0.582403004    
         371  0.582513809    
         372  0.583075285    
         373  0.584224164    
         374  0.585434198    
         375  0.585090876    
         376  0.584770620    
         377  0.584463894    
         378  0.584641576    
         379  0.585383952    
         380  0.586837173    
         381  0.585880399    
         382  0.586098135    
         383  0.586565375    
         384  0.585477769    
         385  0.587080240    
         386  0.589602947    
         387  0.590387642    
         388  0.591885388    
         389  0.593670607    
         390  0.593875647    
         391  0.594762206    
         392  0.597606778    
         393  0.597550690    
         394  0.597779036    
         395  0.598142743    
         396  0.601098120    
         397  0.601653218    
         398  0.600254059    
         399  0.599795461    
         400  0.600121737    
         401  0.600971639    
         402  0.600222707    
         403  0.600844979    
         404  0.601286173    
         405  0.603277266    
         406  0.603324294    
         407  0.603093982    
         408  0.602564275    
         409  0.604106545    
         410  0.604790151    
         411  0.605119824    
         412  0.604175091    
         413  0.605076373    
         414  0.606347919    
         415  0.607690215    
         416  0.607994020    
         417  0.609294593    
         418  0.609633207    
         419  0.610227644    
         420  0.610846758    
         421  0.610011816    
         422  0.609479964    
         423  0.610078335    
         424  0.610571265    
         425  0.610857666    
         426  0.612053156    
         427  0.611393750    
         428  0.611977696    
         429  0.612463772    
         430  0.612601817    
         431  0.613115549    
         432  0.613478541    
         433  0.615350008    
         434  0.615856946    
         435  0.615000844    
         436  0.615284503    
         437  0.615210474    
         438  0.614417911    
         439  0.615782797    
         440  0.615008473    
         441  0.616988063    
         442  0.618837833    
         443  0.619996727    
         444  0.620049298    
         445  0.621855915    
         446  0.621419728    
         447  0.620620728    
         448  0.621490002    
         449  0.621467829    
         450  0.621423960    
         451  0.620155990    
         452  0.620866239    
         453  0.621304274    
         454  0.620656967    
         455  0.622089624    
         456  0.622428954    
         457  0.623028994    
         458  0.622663856    
         459  0.623309016    
         460  0.625208259    
         461  0.624742866    
         462  0.625402749    
         463  0.627122104    
         464  0.627585590    
         465  0.629650295    
         466  0.630600870    
         467  0.630942225    
         468  0.630684316    
         469  0.629995286    
         470  0.629442751    
         471  0.631048262    
         472  0.630908608    
         473  0.631778836    
         474  0.633300006    
         475  0.632856429    
         476  0.632634699    
         477  0.633740366    
         478  0.635016918    
         479  0.634846985    
         480  0.636904716    
         481  0.636396229    
         482  0.636571527    
         483  0.636668503    
         484  0.635871947    
         485  0.637209713    
         486  0.636523485    
         487  0.636040032    
         488  0.636672616    
         489  0.635604203    
         490  0.636819959    
         491  0.637217045    
         492  0.637727201    
         493  0.640552104    
         494  0.640254617    
         495  0.641034961    
         496  0.641809523    
         497  0.642679214    
         498  0.643800974    
         499  0.644904315    
         500  0.644902229    
         501  0.645883024    
         502  0.647590876    
         503  0.647163332    
         504  0.647823930    
         505  0.649089694    
         506  0.649992526    
         507  0.649147213    
         508  0.649819493    
         509  0.649620593    
         510  0.649130285    
         511  0.648562372    
         512  0.649923563    
         513  0.649810076    
         514  0.650857747    
         515  0.649663031    
         516  0.650651753    
         517  0.649209321    
         518  0.648813903    
         519  0.647413969    
         520  0.647037685    
         521  0.647062719    
         522  0.647718489    
         523  0.648416519    
         524  0.649230242    
         525  0.650587261    
         526  0.650416017    
         527  0.651807189    
         528  0.651492000    
         529  0.652672768    
         530  0.653167307    
         531  0.653308630    
         532  0.653773427    
         533  0.655205131    
         534  0.656529605    
         535  0.655403793    
         536  0.656827509    
         537  0.657015979    
         538  0.657629788    
         539  0.656240702    
         540  0.657307267    
         541  0.656981468    
         542  0.655929923    
         543  0.656263292    
         544  0.655835986    
         545  0.654088914    
         546  0.653536499    
         547  0.653591275    
         548  0.653292596    
         549  0.653119504    
         550  0.652548969    
         551  0.653477013    
         552  0.654180884    
         553  0.654540539    
         554  0.653715134    
         555  0.652518630    
         556  0.652958930    
         557  0.653746247    
         558  0.653968215    
         559  0.654110253    
         560  0.653950989    
         561  0.653281927    
         562  0.654979229    
         563  0.656741679    
         564  0.657168686    
         565  0.658366382    
         566  0.657819986    
         567  0.656845570    
         568  0.657267213    
         569  0.657273948    
         570  0.656821549    
         571  0.656725168    
         572  0.656196535    
         573  0.656670272    
         574  0.657138348    
         575  0.657958567    
         576  0.657440305    
         577  0.656981885    
         578  0.658044398    
         579  0.656603098    
         580  0.657432497    
         581  0.657069325    
         582  0.658138335    
         583  0.658092320    
         584  0.659517109    
         585  0.659373283    
         586  0.659327507    
         587  0.659393549    
         588  0.659689844    
         589  0.659130871    
         590  0.660446763    
         591  0.659600556    
         592  0.659640372    
         593  0.658672631    
         594  0.658256888    
         595  0.658457637    
         596  0.659353137    
         597  0.659581304    
         598  0.659965575    
         599  0.660856128    
         600  0.660709858    
         601  0.662230968    
         602  0.663438201    
         603  0.663634539    
         604  0.664273024    
         605  0.664089143    
         606  0.663236320    
         607  0.665268838    
         608  0.664298177    
         609  0.664244354    
         610  0.664752483    
         611  0.664741993    
         612  0.664650440    
         613  0.666728020    
         614  0.667079747    
         615  0.670127988    
         616  0.670484722    
         617  0.669335663    
         618  0.669448555    
         619  0.667738140    
         620  0.667573214    
         621  0.669325292    
         622  0.669827700    
         623  0.671013594    
         624  0.672453344    
         625  0.670535386    
         626  0.669802964    
         627  0.669733465    
         628  0.670970201    
         629  0.669057250    
         630  0.669315577    
         631  0.668487132    
         632  0.669429898    
         633  0.671589375    
         634  0.672103882    
         635  0.672341704    
         636  0.672863722    
         637  0.673816323    
         638  0.674981773    
         639  0.674873769    
         640  0.675810039    
         641  0.675294697    
         642  0.675657332    
         643  0.674728632    
         644  0.673499048    
         645  0.675075591    
         646  0.673419058    
         647  0.672283888    
         648  0.672138155    
         649  0.670806885    
         650  0.672269106    
         651  0.672087193    
         652  0.673160553    
         653  0.674713910    
         654  0.675398231    
         655  0.675239503    
         656  0.674519300    
         657  0.673475742    
         658  0.674149930    
         659  0.675128460    
         660  0.676440001    
         661  0.677768350    
         662  0.680549026    
         663  0.682248533    
         664  0.681903899    
         665  0.682223499    
         666  0.683882296    
         667  0.684764683    
         668  0.686217904    
         669  0.687283635    
         670  0.688053370    
         671  0.687568545    
         672  0.687032700    
         673  0.687084794    
         674  0.687506199    
         675  0.689492047    
         676  0.691904485    
         677  0.691845238    
         678  0.692081928    
         679  0.691902161    
         680  0.691424370    
         681  0.692204654    
         682  0.691283226    
         683  0.690514386    
         684  0.691075504    
         685  0.693668365    
         686  0.694201887    
         687  0.693843722    
         688  0.693460047    
         689  0.693453133    
         690  0.692782819    
         691  0.694341242    
         692  0.693729639    
         693  0.695114493    
         694  0.694798410    
         695  0.693200886    
         696  0.693082452    
         697  0.692590773    
         698  0.694715858    
         699  0.693274796    
         700  0.694259882    
         701  0.694264114    
         702  0.694400012    
         703  0.694079399    
         704  0.693590581    
         705  0.693408191    
         706  0.691347897    
         707  0.690160453    
         708  0.690331399    
         709  0.688731790    
         710  0.689803004    
         711  0.692638576    
         712  0.692992032    
         713  0.693176329    
         714  0.692831457    
         715  0.693140626    
         716  0.692201257    
         717  0.693552077    
         718  0.693102419    
         719  0.693872154    
         720  0.693616986    
         721  0.693336070    
         722  0.694121599    
         723  0.693829179    
         724  0.693023741    
         725  0.693639994    
         726  0.695113719    
         727  0.694027007    
         728  0.695317924    
         729  0.697015703    
         730  0.696264029    
         731  0.696772814    
         732  0.695810795    
         733  0.695312858    
         734  0.694133937    
         735  0.693730295    
         736  0.693217158    
         737  0.693501711    
         738  0.694020331    
         739  0.694465578    
         740  0.694794774    
         741  0.694301069    
         742  0.695449769    
         743  0.695674062    
         744  0.696530581    
         745  0.697438061    
         746  0.696776211    
         747  0.697648287    
         748  0.699671388    
         749  0.700130045    
         750  0.699547291    
         751  0.700918257    
         752  0.701244295    
         753  0.700488389    
         754  0.702179253    
         755  0.702471554    
         756  0.704500258    
         757  0.705649853    
         758  0.707313061    
         759  0.708233178    
         760  0.710139096    
         761  0.711237311    
         762  0.711308241    
         763  0.713018596    
         764  0.713544071    
         765  0.715262532    
         766  0.716177523    
         767  0.715867877    
         768  0.715600610    
         769  0.717569888    
         770  0.718824327    
         771  0.718140185    
         772  0.720512211    
         773  0.722207010    
         774  0.722086549    
         775  0.721860170    
         776  0.721058965    
         777  0.720795751    
         778  0.723130047    
         779  0.722354949    
         780  0.724304736    
         781  0.726533234    
         782  0.724638999    
         783  0.724403262    
         784  0.723241031    
         785  0.725653946    
         786  0.724095404    
         787  0.723957181    
         788  0.723739564    
         789  0.722047031    
         790  0.721058071    
         791  0.720903754    
         792  0.722648561    
         793  0.723215103    
         794  0.724762321    
         795  0.724868059    
         796  0.726138890    
         797  0.727452993    
         798  0.728874624    
         799  0.727478623    
         800  0.727287889    
         801  0.728016794    
         802  0.726504624    
         803  0.725825727    
         804  0.724864006    
         805  0.723131537    
         806  0.724088728    
         807  0.723465860    
         808  0.723295510    
         809  0.721974552    
         810  0.723384798    
         811  0.723322451    
         812  0.722563624    
         813  0.721552730    
         814  0.724778831    
         815  0.726665974    
         816  0.728438258    
         817  0.728371799    
         818  0.729292452    
         819  0.729720652    
         820  0.729903638    
         821  0.733521938    
         822  0.733023345    
         823  0.734432638    
         824  0.735484958    
         825  0.737268090    
         826  0.738838971    
         827  0.738665938    
         828  0.737886965    
         829  0.739570200    
         830  0.737493217    
         831  0.735544920    
         832  0.735094607    
         833  0.737578273    
         834  0.738065660    
         835  0.738666236    
         836  0.738266408    
         837  0.739513874    
         838  0.737457752    
         839  0.738028765    
         840  0.739348948    
         841  0.739320338    
         842  0.740689456    
         843  0.741127253    
         844  0.739401877    
         845  0.739607334    
         846  0.739666998    
         847  0.739940703    
         848  0.740442395    
         849  0.738565445    
         850  0.737330317    
         851  0.738287508    
         852  0.738746166    
         853  0.737183452    
         854  0.737281382    
         855  0.737069726    
         856  0.736721754    
         857  0.736428916    
         858  0.735771239    
         859  0.735125244    
         860  0.734869123    
         861  0.734910846    
         862  0.734470665    
         863  0.734246194    
         864  0.734166384    
         865  0.733671308    
         866  0.732874215    
         867  0.733145535    
         868  0.733548582    
         869  0.732439280    
         870  0.730647922    
         871  0.732285559    
         872  0.731208503    
         873  0.730176866    
         874  0.729972601    
         875  0.729993641    
         876  0.730532050    
         877  0.729831994    
         878  0.730129361    
         879  0.731675625    
         880  0.732068539    
         881  0.732601285    
         882  0.733731747    
         883  0.734421372    
         884  0.736179531    
         885  0.735269785    
         886  0.735468864    
         887  0.736000538    
         888  0.735487223    
         889  0.734744430    
         890  0.735060811    
         891  0.734135687    
         892  0.734339535    
         893  0.734427273    
         894  0.734884143    
         895  0.732626617    
         896  0.731484056    
         897  0.731230259    
         898  0.732423842    
         899  0.733712018    
         900  0.734834909    
         901  0.734725535    
         902  0.733591914    
         903  0.733594060    
         904  0.733474374    
         905  0.734285355    
         906  0.736655116    
         907  0.734656930    
         908  0.734273016    
         909  0.733227849    
         910  0.734209836    
         911  0.734662175    
         912  0.735445321    
         913  0.736075342    
         914  0.735854685    
         915  0.735646188    
         916  0.736191154    
         917  0.736458242    
         918  0.735496640    
         919  0.734477937    
         920  0.734662175    
         921  0.734542787    
         922  0.734791934    
         923  0.734790325    
         924  0.736157119    
         925  0.735879958    
         926  0.735029578    
         927  0.736349940    
         928  0.735242963    
         929  0.735646904    
         930  0.735304415    
         931  0.737248063    
         932  0.737204671    
         933  0.738511384    
         934  0.738622069    
         935  0.738833964    
         936  0.738269210    
         937  0.737685382    
         938  0.736674070    
         939  0.738260150    
         940  0.737592280    
         941  0.737550259    
         942  0.736538708    
         943  0.737030566    
         944  0.735519290    
         945  0.737705112    
         946  0.737664104    
         947  0.735791922    
         948  0.735630512    
         949  0.735735238    
         950  0.734389722    
         951  0.733552039    
         952  0.732450128    
         953  0.734005332    
         954  0.735296786    
         955  0.733223617    
         956  0.733015835    
         957  0.733312070    
         958  0.735073328    
         959  0.733790874    
         960  0.733355463    
         961  0.734562159    
         962  0.734318197    
         963  0.735932708    
         964  0.738774300    
         965  0.738898933    
         966  0.740330338    
         967  0.741211534    
         968  0.742799878    
         969  0.744022489    
         970  0.745130777    
         971  0.744303405    
         972  0.744781613    
         973  0.744317055    
         974  0.745692134    
         975  0.745022535    
         976  0.745171547    
         977  0.745889246    
         978  0.744715750    
         979  0.743274987    
         980  0.741935551    
         981  0.743775725    
         982  0.746662974    
         983  0.749055624    
         984  0.748609245    
         985  0.749493599    
         986  0.749248505    
         987  0.749356806    
         988  0.750517726    
         989  0.751037657    
         990  0.750318766    
         991  0.750655293    
         992  0.751823008    
         993  0.751416564    
         994  0.751311481    
         995  0.752329707    
         996  0.751619816    
         997  0.750658870    
         998  0.751099288    
         999  0.750997663    
        1000  0.749701262    
