           1  0.345356256    
           2  0.347953230    
           3  0.349981755    
           4  0.350661278    
           5  0.352975398    
           6  0.355655015    
           7  0.357358307    
           8  0.358607829    
           9  0.359543204    
          10  0.360544294    
          11  0.361632884    
          12  0.362376183    
          13  0.364160061    
          14  0.364844173    
          15  0.366577655    
          16  0.366995007    
          17  0.367515236    
          18  0.367646903    
          19  0.369042844    
          20  0.371833533    
          21  0.372522175    
          22  0.374059349    
          23  0.375941694    
          24  0.377928704    
          25  0.380619675    
          26  0.379931152    
          27  0.381458968    
          28  0.382686764    
          29  0.384875268    
          30  0.385361046    
          31  0.386275440    
          32  0.387426913    
          33  0.387710631    
          34  0.388726145    
          35  0.388147414    
          36  0.390793175    
          37  0.391523570    
          38  0.390457094    
          39  0.390857816    
          40  0.393188417    
          41  0.394626915    
          42  0.395980626    
          43  0.398374259    
          44  0.399683326    
          45  0.400432199    
          46  0.402056605    
          47  0.403599232    
          48  0.404997528    
          49  0.407546341    
          50  0.410047740    
          51  0.409130782    
          52  0.410250694    
          53  0.411313742    
          54  0.411391199    
          55  0.412612647    
          56  0.414673001    
          57  0.415159166    
          58  0.416210771    
          59  0.417267293    
          60  0.418284893    
          61  0.419554591    
          62  0.420355380    
          63  0.421168327    
          64  0.421675682    
          65  0.422860354    
          66  0.423931688    
          67  0.424263716    
          68  0.426410168    
          69  0.427112520    
          70  0.428331017    
          71  0.428883612    
          72  0.430238307    
          73  0.431522548    
          74  0.434740365    
          75  0.436116904    
          76  0.435612410    
          77  0.438753009    
          78  0.440224022    
          79  0.442388833    
          80  0.443735182    
          81  0.442719311    
          82  0.441405505    
          83  0.443349093    
          84  0.444712669    
          85  0.446556360    
          86  0.446582794    
          87  0.448757917    
          88  0.449854076    
          89  0.451196700    
          90  0.451222301    
          91  0.452947050    
          92  0.453711152    
          93  0.453499347    
          94  0.454594702    
          95  0.454412103    
          96  0.454921216    
          97  0.455838203    
          98  0.455548704    
          99  0.456112713    
         100  0.457955927    
         101  0.460592777    
         102  0.462028474    
         103  0.462093115    
         104  0.461440682    
         105  0.462617189    
         106  0.463782638    
         107  0.464011222    
         108  0.465631992    
         109  0.464100003    
         110  0.465439618    
         111  0.466894060    
         112  0.468824804    
         113  0.470225513    
         114  0.470688164    
         115  0.470369130    
         116  0.471289694    
         117  0.471986562    
         118  0.474209905    
         119  0.475700945    
         120  0.477947205    
         121  0.478592962    
         122  0.479368865    
         123  0.480503708    
         124  0.482554615    
         125  0.482217818    
         126  0.483266562    
         127  0.483651966    
         128  0.485725611    
         129  0.486266226    
         130  0.487051904    
         131  0.488800585    
         132  0.489406437    
         133  0.491467714    
         134  0.493205726    
         135  0.493977666    
         136  0.495020717    
         137  0.493767917    
         138  0.495736986    
         139  0.496693045    
         140  0.497584045    
         141  0.499709189    
         142  0.499620587    
         143  0.501359165    
         144  0.501381874    
         145  0.502489090    
         146  0.502933025    
         147  0.505077600    
         148  0.506368041    
         149  0.506579399    
         150  0.508188546    
         151  0.508711517    
         152  0.509071887    
         153  0.508890986    
         154  0.510109782    
         155  0.510520458    
         156  0.510968387    
         157  0.512046278    
         158  0.511480749    
         159  0.511579037    
         160  0.511813402    
         161  0.512717843    
         162  0.513966918    
         163  0.515446007    
         164  0.515552819    
         165  0.517216802    
         166  0.517986059    
         167  0.517077327    
         168  0.517249763    
         169  0.518502057    
         170  0.519819558    
         171  0.519099832    
         172  0.520267427    
         173  0.521973133    
         174  0.522559524    
         175  0.522461534    
         176  0.521129608    
         177  0.519314528    
         178  0.519242883    
         179  0.518296361    
         180  0.517945230    
         181  0.517816186    
         182  0.518382192    
         183  0.516934574    
         184  0.517515898    
         185  0.517990768    
         186  0.518988609    
         187  0.519407690    
         188  0.520980597    
         189  0.520460129    
         190  0.519921243    
         191  0.521417975    
         192  0.520634890    
         193  0.520233870    
         194  0.521083355    
         195  0.521819413    
         196  0.521868467    
         197  0.521995127    
         198  0.524705708    
         199  0.526693404    
         200  0.526778162    
         201  0.527139246    
         202  0.527279794    
         203  0.527466118    
         204  0.529181361    
         205  0.530194700    
         206  0.530603409    
         207  0.531534851    
         208  0.531820416    
         209  0.530635178    
         210  0.532427311    
         211  0.532912254    
         212  0.531837761    
         213  0.530385852    
         214  0.533766866    
         215  0.533740878    
         216  0.535043240    
         217  0.535170853    
         218  0.534868062    
         219  0.533834100    
         220  0.533327818    
         221  0.532279730    
         222  0.531716824    
         223  0.532173693    
         224  0.533273518    
         225  0.533503413    
         226  0.533594251    
         227  0.533242524    
         228  0.533659220    
         229  0.534111798    
         230  0.534005165    
         231  0.533085406    
         232  0.534684718    
         233  0.536437392    
         234  0.536047578    
         235  0.535462022    
         236  0.536428273    
         237  0.539937377    
         238  0.540860951    
         239  0.540003717    
         240  0.540770173    
         241  0.541231275    
         242  0.542315364    
         243  0.541854620    
         244  0.543704808    
         245  0.544585943    
         246  0.545016348    
         247  0.546694458    
         248  0.547563791    
         249  0.548498333    
         250  0.549647868    
         251  0.549503803    
         252  0.549339652    
         253  0.550511956    
         254  0.550732255    
         255  0.551006198    
         256  0.552308381    
         257  0.553122640    
         258  0.554208338    
         259  0.554347277    
         260  0.556152046    
         261  0.557164013    
         262  0.559422612    
         263  0.561051905    
         264  0.559893727    
         265  0.561524093    
         266  0.562761009    
         267  0.561243474    
         268  0.561238527    
         269  0.562022984    
         270  0.560979307    
         271  0.561310768    
         272  0.560805857    
         273  0.561744034    
         274  0.561563373    
         275  0.560687363    
         276  0.559365690    
         277  0.558737576    
         278  0.557668924    
         279  0.557682157    
         280  0.558275700    
         281  0.557890654    
         282  0.559542596    
         283  0.560393989    
         284  0.561537027    
         285  0.562275767    
         286  0.565038919    
         287  0.564800560    
         288  0.564116538    
         289  0.564613760    
         290  0.567547500    
         291  0.568032861    
         292  0.566438496    
         293  0.565946221    
         294  0.565547526    
         295  0.565854073    
         296  0.568066180    
         297  0.569784820    
         298  0.570506155    
         299  0.568648577    
         300  0.568892837    
         301  0.569257081    
         302  0.568371236    
         303  0.567545533    
         304  0.568026900    
         305  0.568501234    
         306  0.570220947    
         307  0.571807921    
         308  0.572895229    
         309  0.572942734    
         310  0.574486971    
         311  0.576445341    
         312  0.576144457    
         313  0.577548742    
         314  0.578782916    
         315  0.579110384    
         316  0.579628944    
         317  0.581046760    
         318  0.583227813    
         319  0.584286749    
         320  0.586068511    
         321  0.585526884    
         322  0.586364567    
         323  0.584845185    
         324  0.587598085    
         325  0.588845789    
         326  0.589788795    
         327  0.591358244    
         328  0.590719819    
         329  0.591918826    
         330  0.592572749    
         331  0.595430076    
         332  0.596175075    
         333  0.595618963    
         334  0.596354902    
         335  0.595490694    
         336  0.595570207    
         337  0.596472383    
         338  0.596885979    
         339  0.597015142    
         340  0.597881079    
         341  0.599414706    
         342  0.599847794    
         343  0.601414561    
         344  0.601075172    
         345  0.601780772    
         346  0.601605773    
         347  0.602290630    
         348  0.603308558    
         349  0.603704214    
         350  0.603730619    
         351  0.603946447    
         352  0.602886438    
         353  0.603556573    
         354  0.604964197    
         355  0.603707671    
         356  0.607057750    
         357  0.607654452    
         358  0.607296944    
         359  0.606308758    
         360  0.606962800    
         361  0.606738150    
         362  0.608150303    
         363  0.607423842    
         364  0.609134436    
         365  0.608529687    
         366  0.609790266    
         367  0.609317303    
         368  0.610623956    
         369  0.609426141    
         370  0.609692514    
         371  0.609098911    
         372  0.610437870    
         373  0.611199319    
         374  0.610973775    
         375  0.611639619    
         376  0.613617420    
         377  0.613052964    
         378  0.613861740    
         379  0.615681410    
         380  0.615682185    
         381  0.616511762    
         382  0.615200222    
         383  0.615579784    
         384  0.617073417    
         385  0.615398943    
         386  0.618872344    
         387  0.617475092    
         388  0.616474330    
         389  0.617953718    
         390  0.617370665    
         391  0.616579473    
         392  0.616463661    
         393  0.618914127    
         394  0.621324480    
         395  0.623007059    
         396  0.625055432    
         397  0.626262546    
         398  0.627839148    
         399  0.628686190    
         400  0.630720973    
         401  0.631677032    
         402  0.631580889    
         403  0.630931437    
         404  0.633439541    
         405  0.634771407    
         406  0.634068787    
         407  0.634078562    
         408  0.633882046    
         409  0.636095643    
         410  0.636322737    
         411  0.638334155    
         412  0.638068438    
         413  0.640569985    
         414  0.639749527    
         415  0.638250887    
         416  0.638738453    
         417  0.638789415    
         418  0.638516903    
         419  0.637575388    
         420  0.636177838    
         421  0.636784673    
         422  0.638196111    
         423  0.638372183    
         424  0.638695359    
         425  0.637653232    
         426  0.637267232    
         427  0.637364686    
         428  0.641025960    
         429  0.641001403    
         430  0.641504586    
         431  0.639013648    
         432  0.638611555    
         433  0.639563918    
         434  0.640285552    
         435  0.639971077    
         436  0.640506685    
         437  0.640046597    
         438  0.640444577    
         439  0.641421318    
         440  0.643028438    
         441  0.645355523    
         442  0.645895958    
         443  0.645450413    
         444  0.645701289    
         445  0.646001101    
         446  0.645551503    
         447  0.646004200    
         448  0.645947397    
         449  0.647707701    
         450  0.646606326    
         451  0.646977544    
         452  0.647585750    
         453  0.647688508    
         454  0.648176134    
         455  0.647422731    
         456  0.646492898    
         457  0.645841718    
         458  0.646849513    
         459  0.647948384    
         460  0.648037255    
         461  0.647881806    
         462  0.647091329    
         463  0.645718813    
         464  0.646442354    
         465  0.646564424    
         466  0.646560729    
         467  0.646539569    
         468  0.646509230    
         469  0.647318959    
         470  0.647361338    
         471  0.645342827    
         472  0.647167444    
         473  0.646891952    
         474  0.647362292    
         475  0.646831632    
         476  0.647188008    
         477  0.647279680    
         478  0.647786915    
         479  0.646862984    
         480  0.646401703    
         481  0.647340417    
         482  0.648978651    
         483  0.648109436    
         484  0.649442375    
         485  0.650508642    
         486  0.650280774    
         487  0.648970068    
         488  0.648578465    
         489  0.647514284    
         490  0.648140192    
         491  0.649361968    
         492  0.648250043    
         493  0.647544384    
         494  0.648217499    
         495  0.648504853    
         496  0.649737895    
         497  0.651261508    
         498  0.652480066    
         499  0.653202891    
         500  0.652791679    
         501  0.652360559    
         502  0.653992414    
         503  0.654203355    
         504  0.655204415    
         505  0.656527281    
         506  0.656197488    
         507  0.656561494    
         508  0.657909274    
         509  0.659067273    
         510  0.658453286    
         511  0.657797456    
         512  0.658821404    
         513  0.657933891    
         514  0.659371495    
         515  0.660443783    
         516  0.659898639    
         517  0.660654068    
         518  0.661651731    
         519  0.660776734    
         520  0.661096036    
         521  0.661950946    
         522  0.661275506    
         523  0.660577774    
         524  0.660486698    
         525  0.660703480    
         526  0.660002828    
         527  0.659495294    
         528  0.661091805    
         529  0.660057187    
         530  0.660571635    
         531  0.662145913    
         532  0.662428260    
         533  0.663406253    
         534  0.662426770    
         535  0.662732303    
         536  0.662200570    
         537  0.662095726    
         538  0.661716521    
         539  0.662245393    
         540  0.662638485    
         541  0.665288091    
         542  0.664695859    
         543  0.665508449    
         544  0.665788829    
         545  0.666922152    
         546  0.666936398    
         547  0.667852461    
         548  0.668401778    
         549  0.668414414    
         550  0.669079244    
         551  0.670294106    
         552  0.670253277    
         553  0.669887006    
         554  0.671468854    
         555  0.670739055    
         556  0.671469390    
         557  0.673193276    
         558  0.671799004    
         559  0.671755970    
         560  0.670245826    
         561  0.670301616    
         562  0.670144022    
         563  0.669799984    
         564  0.669606566    
         565  0.669966936    
         566  0.668296874    
         567  0.668078125    
         568  0.666870356    
         569  0.665877104    
         570  0.665385544    
         571  0.666792631    
         572  0.667470217    
         573  0.666348636    
         574  0.667146564    
         575  0.665504456    
         576  0.666204333    
         577  0.668838203    
         578  0.668392420    
         579  0.667172253    
         580  0.670068800    
         581  0.671208382    
         582  0.672004282    
         583  0.672163188    
         584  0.672309935    
         585  0.671706915    
         586  0.672148347    
         587  0.672839105    
         588  0.673175454    
         589  0.675701380    
         590  0.676949203    
         591  0.678322971    
         592  0.677234054    
         593  0.676887572    
         594  0.676151514    
         595  0.675147772    
         596  0.675097108    
         597  0.675110817    
         598  0.675713837    
         599  0.674510777    
         600  0.675288498    
         601  0.675586164    
         602  0.674012363    
         603  0.671663225    
         604  0.671481550    
         605  0.672119200    
         606  0.672135293    
         607  0.671900153    
         608  0.672213614    
         609  0.672255516    
         610  0.672005832    
         611  0.671722412    
         612  0.672441125    
         613  0.675351501    
         614  0.675420582    
         615  0.676283658    
         616  0.676731408    
         617  0.677240491    
         618  0.677933335    
         619  0.678881764    
         620  0.680196047    
         621  0.680098414    
         622  0.679598987    
         623  0.680323184    
         624  0.680034161    
         625  0.679480433    
         626  0.679957032    
         627  0.678786457    
         628  0.679855645    
         629  0.681502223    
         630  0.682075977    
         631  0.682511985    
         632  0.683774471    
         633  0.685723722    
         634  0.684726357    
         635  0.686249852    
         636  0.686526775    
         637  0.685813487    
         638  0.685338914    
         639  0.686099410    
         640  0.686468840    
         641  0.685636103    
         642  0.685781062    
         643  0.685149252    
         644  0.685646176    
         645  0.686004519    
         646  0.686266959    
         647  0.688155353    
         648  0.687701166    
         649  0.688167810    
         650  0.688968480    
         651  0.688213766    
         652  0.687475026    
         653  0.687039912    
         654  0.687737405    
         655  0.688473284    
         656  0.689674497    
         657  0.689724684    
         658  0.690332294    
         659  0.690581501    
         660  0.690680385    
         661  0.690801382    
         662  0.690110028    
         663  0.688643754    
         664  0.688346863    
         665  0.686858594    
         666  0.687408090    
         667  0.689194679    
         668  0.689043820    
         669  0.690315902    
         670  0.691745758    
         671  0.692029238    
         672  0.692966223    
         673  0.691360891    
         674  0.692144096    
         675  0.690479577    
         676  0.688871264    
         677  0.688507557    
         678  0.690683126    
         679  0.690657377    
         680  0.690032840    
         681  0.688701272    
         682  0.689806938    
         683  0.690183818    
         684  0.689859629    
         685  0.690410435    
         686  0.691531956    
         687  0.692157447    
         688  0.692783535    
         689  0.694972456    
         690  0.696551025    
         691  0.695860803    
         692  0.695923448    
         693  0.696496844    
         694  0.696015835    
         695  0.694816828    
         696  0.694094002    
         697  0.695837140    
         698  0.695391595    
         699  0.693347096    
         700  0.694299638    
         701  0.694009721    
         702  0.694029391    
         703  0.694275558    
         704  0.694155514    
         705  0.694894493    
         706  0.694866180    
         707  0.696416318    
         708  0.696003258    
         709  0.696235478    
         710  0.697065949    
         711  0.697325408    
         712  0.698184788    
         713  0.698706567    
         714  0.698969126    
         715  0.699149132    
         716  0.699247241    
         717  0.700826228    
         718  0.701756895    
         719  0.702970207    
         720  0.702683866    
         721  0.703718960    
         722  0.703305900    
         723  0.703982055    
         724  0.704936266    
         725  0.704310715    
         726  0.704579592    
         727  0.705680668    
         728  0.705484390    
         729  0.706967473    
         730  0.706423521    
         731  0.709325075    
         732  0.708455205    
         733  0.710626364    
         734  0.712031245    
         735  0.711573422    
         736  0.712657571    
         737  0.711788237    
         738  0.712474704    
         739  0.711972594    
         740  0.713053942    
         741  0.714663148    
         742  0.713106155    
         743  0.713097692    
         744  0.712092102    
         745  0.710480750    
         746  0.711345851    
         747  0.709794879    
         748  0.709448934    
         749  0.710326791    
         750  0.709570169    
         751  0.712229490    
         752  0.712841213    
         753  0.713735700    
         754  0.713081658    
         755  0.711903334    
         756  0.711624622    
         757  0.711230159    
         758  0.712420523    
         759  0.712969422    
         760  0.713135719    
         761  0.714060783    
         762  0.713858724    
         763  0.715408921    
         764  0.714543760    
         765  0.713445663    
         766  0.712153256    
         767  0.710731089    
         768  0.710630298    
         769  0.708871603    
         770  0.710553646    
         771  0.709327579    
         772  0.710578382    
         773  0.709511220    
         774  0.710530996    
         775  0.712734878    
         776  0.712690294    
         777  0.714043677    
         778  0.715379000    
         779  0.715852737    
         780  0.718441725    
         781  0.719740450    
         782  0.719259620    
         783  0.718820393    
         784  0.719603181    
         785  0.722316206    
         786  0.721942484    
         787  0.721935034    
         788  0.723354638    
         789  0.724186838    
         790  0.724259555    
         791  0.724331379    
         792  0.723799765    
         793  0.724789679    
         794  0.724345207    
         795  0.724956810    
         796  0.726755321    
         797  0.726846159    
         798  0.726788223    
         799  0.725961328    
         800  0.725931585    
         801  0.726295173    
         802  0.725428045    
         803  0.725092351    
         804  0.725523174    
         805  0.726026535    
         806  0.724753082    
         807  0.725798070    
         808  0.726451814    
         809  0.726300120    
         810  0.727422774    
         811  0.727649152    
         812  0.725002885    
         813  0.726564467    
         814  0.727386653    
         815  0.726630807    
         816  0.726742327    
         817  0.725954771    
         818  0.726609766    
         819  0.727204144    
         820  0.727203727    
         821  0.727303386    
         822  0.724990547    
         823  0.725604236    
         824  0.724780560    
         825  0.724621177    
         826  0.724479854    
         827  0.725749075    
         828  0.724545300    
         829  0.724126041    
         830  0.724103630    
         831  0.725416601    
         832  0.725443602    
         833  0.725179434    
         834  0.726353526    
         835  0.727195978    
         836  0.727931261    
         837  0.727618575    
         838  0.727755904    
         839  0.728610873    
         840  0.729179859    
         841  0.728677034    
         842  0.729979396    
         843  0.729388833    
         844  0.731259406    
         845  0.731575906    
         846  0.734501600    
         847  0.734245002    
         848  0.734746397    
         849  0.734216630    
         850  0.733721852    
         851  0.733772337    
         852  0.733407021    
         853  0.734143376    
         854  0.733863473    
         855  0.735202968    
         856  0.737394631    
         857  0.737653971    
         858  0.736523271    
         859  0.736186206    
         860  0.735602260    
         861  0.735913217    
         862  0.736282110    
         863  0.736028016    
         864  0.736121118    
         865  0.737180769    
         866  0.736618102    
         867  0.737306416    
         868  0.736168206    
         869  0.735773265    
         870  0.735706627    
         871  0.737492025    
         872  0.736570776    
         873  0.736460388    
         874  0.737168729    
         875  0.737438798    
         876  0.737845302    
         877  0.737447262    
         878  0.738646209    
         879  0.738427103    
         880  0.739036977    
         881  0.738758862    
         882  0.737739623    
         883  0.737338305    
         884  0.737921119    
         885  0.738666475    
         886  0.739669859    
         887  0.740689635    
         888  0.739765465    
         889  0.739586115    
         890  0.741184533    
         891  0.741973400    
         892  0.742085755    
         893  0.741962790    
         894  0.741722763    
         895  0.742773712    
         896  0.743371189    
         897  0.743677139    
         898  0.743309617    
         899  0.743567586    
         900  0.745206356    
         901  0.745872498    
         902  0.743743658    
         903  0.745780408    
         904  0.746142089    
         905  0.745537698    
         906  0.745123327    
         907  0.745505869    
         908  0.746901751    
         909  0.746545434    
         910  0.746518552    
         911  0.747735381    
         912  0.748277009    
         913  0.749128461    
         914  0.747315228    
         915  0.748596132    
         916  0.747204959    
         917  0.745034158    
         918  0.745904148    
         919  0.747262716    
         920  0.747380495    
         921  0.746227920    
         922  0.747332633    
         923  0.747031927    
         924  0.749234498    
         925  0.749508858    
         926  0.751294017    
         927  0.751827061    
         928  0.752359629    
         929  0.754351974    
         930  0.754981220    
         931  0.754133463    
         932  0.753326714    
         933  0.755228102    
         934  0.757194757    
         935  0.758319914    
         936  0.757322073    
         937  0.757103682    
         938  0.757071316    
         939  0.757700384    
         940  0.756804764    
         941  0.757460773    
         942  0.757476330    
         943  0.757791698    
         944  0.757283628    
         945  0.758638322    
         946  0.757749259    
         947  0.758409679    
         948  0.759435236    
         949  0.759851515    
         950  0.760886252    
         951  0.760652423    
         952  0.760001957    
         953  0.759353399    
         954  0.759429693    
         955  0.758548498    
         956  0.758222520    
         957  0.757905543    
         958  0.759149611    
         959  0.760153770    
         960  0.760346174    
         961  0.759673417    
         962  0.761224926    
         963  0.761185825    
         964  0.761741817    
         965  0.761364460    
         966  0.760248423    
         967  0.759622872    
         968  0.760241628    
         969  0.759102941    
         970  0.757621765    
         971  0.757730007    
         972  0.757871211    
         973  0.758080125    
         974  0.760394514    
         975  0.762123644    
         976  0.761334717    
         977  0.762615263    
         978  0.761682570    
         979  0.761561513    
         980  0.761924148    
         981  0.762310445    
         982  0.764690876    
         983  0.766397655    
         984  0.767042041    
         985  0.765708089    
         986  0.765041590    
         987  0.764612198    
         988  0.765562713    
         989  0.765493512    
         990  0.763557255    
         991  0.763357162    
         992  0.764259517    
         993  0.765528619    
         994  0.766593695    
         995  0.766329348    
         996  0.765637934    
         997  0.766171694    
         998  0.768187881    
         999  0.768947601    
        1000  0.766941965    
