           1  0.342453778    
           2  0.343295783    
           3  0.344675720    
           4  0.346539110    
           5  0.347565025    
           6  0.349333763    
           7  0.349706590    
           8  0.352972001    
           9  0.353240937    
          10  0.355199903    
          11  0.357244104    
          12  0.358447194    
          13  0.360653788    
          14  0.361863166    
          15  0.363981009    
          16  0.365829885    
          17  0.366684049    
          18  0.368076622    
          19  0.368062824    
          20  0.369599491    
          21  0.370845139    
          22  0.372742116    
          23  0.374569088    
          24  0.375518531    
          25  0.376257837    
          26  0.376770765    
          27  0.377638191    
          28  0.378333926    
          29  0.380141377    
          30  0.380730212    
          31  0.382598817    
          32  0.382489920    
          33  0.383499950    
          34  0.384671241    
          35  0.384390920    
          36  0.385838240    
          37  0.387128055    
          38  0.388681680    
          39  0.390926868    
          40  0.391917646    
          41  0.392456979    
          42  0.393699288    
          43  0.395623356    
          44  0.396388173    
          45  0.396693915    
          46  0.396486640    
          47  0.397074491    
          48  0.397643775    
          49  0.397723258    
          50  0.398649842    
          51  0.399514109    
          52  0.401003420    
          53  0.401257783    
          54  0.402948231    
          55  0.403773695    
          56  0.404953867    
          57  0.405561328    
          58  0.406468183    
          59  0.408135533    
          60  0.408572584    
          61  0.408565104    
          62  0.410173804    
          63  0.410101593    
          64  0.411337972    
          65  0.411669582    
          66  0.411209583    
          67  0.411218166    
          68  0.411317229    
          69  0.413476557    
          70  0.413611233    
          71  0.413973689    
          72  0.415320188    
          73  0.415132076    
          74  0.415843695    
          75  0.414982289    
          76  0.416670263    
          77  0.416683078    
          78  0.417390913    
          79  0.419174224    
          80  0.419713557    
          81  0.419822931    
          82  0.420021057    
          83  0.420126587    
          84  0.422484398    
          85  0.422812074    
          86  0.424507082    
          87  0.424253345    
          88  0.424470842    
          89  0.425238103    
          90  0.425719798    
          91  0.426930010    
          92  0.426991403    
          93  0.426904112    
          94  0.427697867    
          95  0.426992983    
          96  0.427275628    
          97  0.429112822    
          98  0.430853188    
          99  0.432316661    
         100  0.432871073    
         101  0.434724331    
         102  0.435104162    
         103  0.436675161    
         104  0.439259201    
         105  0.440263391    
         106  0.440729469    
         107  0.443426490    
         108  0.443306237    
         109  0.444103867    
         110  0.445633024    
         111  0.444768518    
         112  0.443827897    
         113  0.443894178    
         114  0.445542693    
         115  0.445598602    
         116  0.444526553    
         117  0.444857568    
         118  0.445178896    
         119  0.445827723    
         120  0.448396206    
         121  0.447991550    
         122  0.447343737    
         123  0.447388023    
         124  0.448296130    
         125  0.449199736    
         126  0.450603485    
         127  0.451781541    
         128  0.451953381    
         129  0.453009099    
         130  0.455353826    
         131  0.457256436    
         132  0.457529664    
         133  0.459819227    
         134  0.460548759    
         135  0.462245256    
         136  0.463263720    
         137  0.463349342    
         138  0.464543253    
         139  0.464841127    
         140  0.465988010    
         141  0.465116918    
         142  0.465422720    
         143  0.466205746    
         144  0.467042029    
         145  0.466857702    
         146  0.467336386    
         147  0.469370782    
         148  0.470214814    
         149  0.469465613    
         150  0.468708128    
         151  0.469242930    
         152  0.469357669    
         153  0.469917417    
         154  0.469929129    
         155  0.470928878    
         156  0.469413340    
         157  0.470122337    
         158  0.471251011    
         159  0.471478373    
         160  0.471635759    
         161  0.472255886    
         162  0.472240955    
         163  0.472211748    
         164  0.473592848    
         165  0.473189890    
         166  0.474778146    
         167  0.474691629    
         168  0.476242840    
         169  0.476893276    
         170  0.478579462    
         171  0.479090512    
         172  0.480968148    
         173  0.480226994    
         174  0.480719805    
         175  0.482298017    
         176  0.483381420    
         177  0.484393567    
         178  0.486500084    
         179  0.486741662    
         180  0.486380428    
         181  0.486207962    
         182  0.488007665    
         183  0.487698168    
         184  0.489877075    
         185  0.490130454    
         186  0.490739048    
         187  0.491483390    
         188  0.491897613    
         189  0.492888004    
         190  0.493764877    
         191  0.495085895    
         192  0.495588928    
         193  0.498326242    
         194  0.498349994    
         195  0.500193238    
         196  0.501956582    
         197  0.504910171    
         198  0.505919874    
         199  0.507119656    
         200  0.508915067    
         201  0.510553002    
         202  0.510915339    
         203  0.511784673    
         204  0.511660576    
         205  0.511892080    
         206  0.513899267    
         207  0.513690293    
         208  0.515399218    
         209  0.514068067    
         210  0.514095485    
         211  0.515379429    
         212  0.516482770    
         213  0.516791701    
         214  0.515513480    
         215  0.516339183    
         216  0.518122137    
         217  0.519125044    
         218  0.519911647    
         219  0.521919608    
         220  0.523371577    
         221  0.522136807    
         222  0.524038613    
         223  0.525223970    
         224  0.525622964    
         225  0.524761379    
         226  0.526065588    
         227  0.526801169    
         228  0.526627362    
         229  0.528746843    
         230  0.527999938    
         231  0.528699577    
         232  0.528897882    
         233  0.530825198    
         234  0.532455742    
         235  0.533203959    
         236  0.532406807    
         237  0.535342276    
         238  0.536593139    
         239  0.536872149    
         240  0.538563967    
         241  0.539636552    
         242  0.540794194    
         243  0.541733742    
         244  0.543527901    
         245  0.542588711    
         246  0.543853998    
         247  0.545086324    
         248  0.545188189    
         249  0.545651734    
         250  0.546899319    
         251  0.546793997    
         252  0.548157156    
         253  0.546569467    
         254  0.546702504    
         255  0.548118174    
         256  0.547742844    
         257  0.549214959    
         258  0.551398873    
         259  0.551402450    
         260  0.550126255    
         261  0.550714552    
         262  0.550062478    
         263  0.549307406    
         264  0.548888445    
         265  0.549822867    
         266  0.549482405    
         267  0.548107088    
         268  0.548572361    
         269  0.548333943    
         270  0.547597289    
         271  0.547347605    
         272  0.547808349    
         273  0.549098969    
         274  0.548384428    
         275  0.547761619    
         276  0.549534202    
         277  0.549782217    
         278  0.549413264    
         279  0.549402356    
         280  0.550551534    
         281  0.548814237    
         282  0.548109591    
         283  0.548941135    
         284  0.548896432    
         285  0.549475074    
         286  0.549216211    
         287  0.549420834    
         288  0.549825609    
         289  0.548374712    
         290  0.549682081    
         291  0.551223695    
         292  0.553449869    
         293  0.553453684    
         294  0.555032909    
         295  0.555652320    
         296  0.555696309    
         297  0.556678951    
         298  0.557538390    
         299  0.557572842    
         300  0.558081150    
         301  0.557934940    
         302  0.556239545    
         303  0.557065189    
         304  0.555837929    
         305  0.556676447    
         306  0.555996656    
         307  0.557599127    
         308  0.558503389    
         309  0.558433473    
         310  0.557967365    
         311  0.558725595    
         312  0.559863806    
         313  0.559672475    
         314  0.559285820    
         315  0.559714973    
         316  0.560785770    
         317  0.559978247    
         318  0.560021341    
         319  0.559674680    
         320  0.560925543    
         321  0.561846435    
         322  0.563584745    
         323  0.567778826    
         324  0.569222033    
         325  0.569807708    
         326  0.569831550    
         327  0.570375144    
         328  0.572242796    
         329  0.573259711    
         330  0.576286912    
         331  0.576357484    
         332  0.576587081    
         333  0.576650381    
         334  0.578001618    
         335  0.576856852    
         336  0.577585459    
         337  0.578870177    
         338  0.579756618    
         339  0.580692351    
         340  0.583574355    
         341  0.586239994    
         342  0.586849451    
         343  0.586707294    
         344  0.586309135    
         345  0.588256001    
         346  0.590276062    
         347  0.590146840    
         348  0.590575397    
         349  0.590139210    
         350  0.591472745    
         351  0.593141377    
         352  0.592432022    
         353  0.592314065    
         354  0.594757617    
         355  0.595663786    
         356  0.594640195    
         357  0.595890045    
         358  0.596386433    
         359  0.595470071    
         360  0.598688066    
         361  0.599780560    
         362  0.600529373    
         363  0.599152148    
         364  0.602137148    
         365  0.602741599    
         366  0.603514731    
         367  0.605164766    
         368  0.606043279    
         369  0.605450690    
         370  0.605674624    
         371  0.605879605    
         372  0.606420696    
         373  0.606640875    
         374  0.609219134    
         375  0.609910786    
         376  0.610505104    
         377  0.611894667    
         378  0.612596214    
         379  0.611148775    
         380  0.611011684    
         381  0.614025474    
         382  0.613930762    
         383  0.615090191    
         384  0.614022017    
         385  0.613332033    
         386  0.613768816    
         387  0.613663733    
         388  0.615511060    
         389  0.614790082    
         390  0.614618003    
         391  0.614874959    
         392  0.614294052    
         393  0.614931166    
         394  0.613824904    
         395  0.615104139    
         396  0.615776718    
         397  0.617824614    
         398  0.619280100    
         399  0.619034767    
         400  0.616669655    
         401  0.617176473    
         402  0.619038165    
         403  0.621167719    
         404  0.622873425    
         405  0.625319362    
         406  0.625068545    
         407  0.625639677    
         408  0.624978960    
         409  0.624848545    
         410  0.623748302    
         411  0.624493659    
         412  0.625561655    
         413  0.627126873    
         414  0.627070963    
         415  0.626912475    
         416  0.626067579    
         417  0.624631166    
         418  0.623979986    
         419  0.625830531    
         420  0.624563098    
         421  0.626346171    
         422  0.627263784    
         423  0.628167987    
         424  0.628262877    
         425  0.630342305    
         426  0.629756033    
         427  0.629800260    
         428  0.629836798    
         429  0.630743682    
         430  0.631807148    
         431  0.633543730    
         432  0.634814858    
         433  0.633193195    
         434  0.634741187    
         435  0.636168540    
         436  0.634755194    
         437  0.634427607    
         438  0.634409368    
         439  0.635165751    
         440  0.635621130    
         441  0.636515021    
         442  0.636257768    
         443  0.637078881    
         444  0.635435343    
         445  0.636472881    
         446  0.636656821    
         447  0.638468564    
         448  0.637737811    
         449  0.638831317    
         450  0.640220046    
         451  0.642620027    
         452  0.643682361    
         453  0.643885672    
         454  0.644600451    
         455  0.643242419    
         456  0.643270075    
         457  0.644743681    
         458  0.645977974    
         459  0.645522892    
         460  0.644888878    
         461  0.647694468    
         462  0.647143364    
         463  0.647809505    
         464  0.647497535    
         465  0.648663044    
         466  0.649166107    
         467  0.648271501    
         468  0.648305476    
         469  0.648811162    
         470  0.650147855    
         471  0.651818931    
         472  0.652402937    
         473  0.652327359    
         474  0.652872503    
         475  0.652674019    
         476  0.651276886    
         477  0.651951015    
         478  0.651010931    
         479  0.651448846    
         480  0.651077390    
         481  0.649886906    
         482  0.648630083    
         483  0.650157630    
         484  0.652660668    
         485  0.653458238    
         486  0.651849568    
         487  0.652277887    
         488  0.652248740    
         489  0.655185461    
         490  0.654722154    
         491  0.654524207    
         492  0.654677212    
         493  0.653987229    
         494  0.654002845    
         495  0.655191183    
         496  0.655269623    
         497  0.655763388    
         498  0.655246317    
         499  0.655911386    
         500  0.657501400    
         501  0.657825112    
         502  0.658952355    
         503  0.660009682    
         504  0.660811782    
         505  0.662320852    
         506  0.662464917    
         507  0.664159596    
         508  0.660860717    
         509  0.663450480    
         510  0.663971961    
         511  0.664337516    
         512  0.663764536    
         513  0.665584743    
         514  0.666703582    
         515  0.666552305    
         516  0.665746927    
         517  0.665413201    
         518  0.663800240    
         519  0.664071321    
         520  0.664456248    
         521  0.664366066    
         522  0.666810036    
         523  0.667605281    
         524  0.666249990    
         525  0.665767312    
         526  0.668201745    
         527  0.668218374    
         528  0.667806029    
         529  0.667069912    
         530  0.666875541    
         531  0.667609334    
         532  0.667603374    
         533  0.666629612    
         534  0.665462971    
         535  0.667328835    
         536  0.667881370    
         537  0.668161213    
         538  0.667840421    
         539  0.666570604    
         540  0.665453374    
         541  0.667297900    
         542  0.669559062    
         543  0.668020129    
         544  0.667456448    
         545  0.668300390    
         546  0.667504430    
         547  0.667325497    
         548  0.669209599    
         549  0.668866694    
         550  0.669894397    
         551  0.670806170    
         552  0.671207130    
         553  0.672131121    
         554  0.673254490    
         555  0.672617972    
         556  0.672228932    
         557  0.673729300    
         558  0.672022402    
         559  0.675326228    
         560  0.673641264    
         561  0.674185872    
         562  0.675294101    
         563  0.676230669    
         564  0.677485049    
         565  0.679375887    
         566  0.680662572    
         567  0.679504454    
         568  0.680785000    
         569  0.679689765    
         570  0.681308925    
         571  0.678925455    
         572  0.677210689    
         573  0.677474678    
         574  0.681382716    
         575  0.679786325    
         576  0.681330085    
         577  0.680526376    
         578  0.680695176    
         579  0.683862865    
         580  0.684003711    
         581  0.686934888    
         582  0.688145459    
         583  0.690550983    
         584  0.691513419    
         585  0.689684153    
         586  0.690160573    
         587  0.691145539    
         588  0.691648901    
         589  0.692113400    
         590  0.691959679    
         591  0.692454517    
         592  0.691027224    
         593  0.690304220    
         594  0.687958062    
         595  0.687119901    
         596  0.688329995    
         597  0.686606228    
         598  0.687781394    
         599  0.688829601    
         600  0.688684046    
         601  0.688003361    
         602  0.688047886    
         603  0.691682816    
         604  0.689803243    
         605  0.687157154    
         606  0.686704457    
         607  0.686051846    
         608  0.686570764    
         609  0.688621640    
         610  0.689210653    
         611  0.688176215    
         612  0.686352611    
         613  0.688381076    
         614  0.689651608    
         615  0.692289114    
         616  0.692122400    
         617  0.692806125    
         618  0.692341268    
         619  0.692454398    
         620  0.693573117    
         621  0.692732513    
         622  0.694876552    
         623  0.693573296    
         624  0.694622338    
         625  0.696828425    
         626  0.697443545    
         627  0.695832431    
         628  0.695424259    
         629  0.697961569    
         630  0.699839771    
         631  0.700030506    
         632  0.699410081    
         633  0.702999234    
         634  0.701559424    
         635  0.702530622    
         636  0.701131523    
         637  0.701902270    
         638  0.699748576    
         639  0.698830128    
         640  0.698712409    
         641  0.696843088    
         642  0.698216200    
         643  0.696381271    
         644  0.697835565    
         645  0.697108626    
         646  0.697496712    
         647  0.695009589    
         648  0.696637213    
         649  0.696067274    
         650  0.695396066    
         651  0.694990098    
         652  0.695230603    
         653  0.697653413    
         654  0.697578490    
         655  0.697101116    
         656  0.698466837    
         657  0.699416101    
         658  0.697747171    
         659  0.700825810    
         660  0.702836633    
         661  0.707828879    
         662  0.705645561    
         663  0.703556240    
         664  0.703979135    
         665  0.703501344    
         666  0.703921616    
         667  0.701400816    
         668  0.702264309    
         669  0.703420937    
         670  0.702932537    
         671  0.706746697    
         672  0.706432939    
         673  0.708597124    
         674  0.709561527    
         675  0.710021138    
         676  0.712048292    
         677  0.712597847    
         678  0.713133216    
         679  0.713137329    
         680  0.714355111    
         681  0.720125377    
         682  0.717797697    
         683  0.720068216    
         684  0.724632144    
         685  0.724029362    
         686  0.725981534    
         687  0.726700544    
         688  0.727902532    
         689  0.727392137    
         690  0.725598216    
         691  0.724305749    
         692  0.726765692    
         693  0.727547348    
         694  0.726612926    
         695  0.729894161    
         696  0.731401205    
         697  0.728593528    
         698  0.728743076    
         699  0.726563454    
         700  0.725315332    
         701  0.724502385    
         702  0.724315882    
         703  0.726256192    
         704  0.728084564    
         705  0.725986123    
         706  0.723785758    
         707  0.726323664    
         708  0.728074074    
         709  0.726815164    
         710  0.725320041    
         711  0.726415694    
         712  0.727650285    
         713  0.726818502    
         714  0.727028191    
         715  0.725688338    
         716  0.726489544    
         717  0.726446807    
         718  0.727113962    
         719  0.728176236    
         720  0.730156839    
         721  0.729344308    
         722  0.726860583    
         723  0.727229297    
         724  0.727754951    
         725  0.726025403    
         726  0.726701379    
         727  0.725115478    
         728  0.724900007    
         729  0.725083888    
         730  0.723451853    
         731  0.720543504    
         732  0.717928052    
         733  0.716919065    
         734  0.716620207    
         735  0.715926230    
         736  0.717307687    
         737  0.717261493    
         738  0.719627500    
         739  0.718006551    
         740  0.717247128    
         741  0.718557060    
         742  0.716701388    
         743  0.717291236    
         744  0.718780756    
         745  0.719123006    
         746  0.717557907    
         747  0.718813956    
         748  0.718479037    
         749  0.719104946    
         750  0.718177140    
         751  0.717591166    
         752  0.718176723    
         753  0.717388451    
         754  0.718681693    
         755  0.718580008    
         756  0.721821308    
         757  0.723265231    
         758  0.723802269    
         759  0.724106848    
         760  0.724211097    
         761  0.723678589    
         762  0.723761439    
         763  0.723915637    
         764  0.724922895    
         765  0.727187216    
         766  0.727613389    
         767  0.729409635    
         768  0.729188859    
         769  0.728264868    
         770  0.729804456    
         771  0.728957653    
         772  0.728658915    
         773  0.726415873    
         774  0.725785732    
         775  0.726324916    
         776  0.728396773    
         777  0.727073073    
         778  0.727401674    
         779  0.725238800    
         780  0.723438382    
         781  0.724161685    
         782  0.725401819    
         783  0.725858808    
         784  0.726524651    
         785  0.728311718    
         786  0.729069173    
         787  0.727382064    
         788  0.727695525    
         789  0.727408230    
         790  0.726443708    
         791  0.725453734    
         792  0.724079728    
         793  0.727939844    
         794  0.727603555    
         795  0.726787567    
         796  0.727543533    
         797  0.727510571    
         798  0.727853060    
         799  0.728175223    
         800  0.729682088    
         801  0.727000415    
         802  0.726466358    
         803  0.725909233    
         804  0.725296736    
         805  0.726535797    
         806  0.727584600    
         807  0.732302845    
         808  0.732796133    
         809  0.735502958    
         810  0.736700952    
         811  0.737149656    
         812  0.737680316    
         813  0.736782372    
         814  0.739998639    
         815  0.744790375    
         816  0.743771851    
         817  0.745096803    
         818  0.743899047    
         819  0.742859066    
         820  0.741784811    
         821  0.741804242    
         822  0.741025448    
         823  0.739634633    
         824  0.741200268    
         825  0.740063190    
         826  0.738528073    
         827  0.738726377    
         828  0.737828553    
         829  0.739378333    
         830  0.738911331    
         831  0.738685727    
         832  0.737576544    
         833  0.738144815    
         834  0.739994347    
         835  0.739943266    
         836  0.738784194    
         837  0.738338172    
         838  0.738319874    
         839  0.738192797    
         840  0.737694442    
         841  0.738131106    
         842  0.735952199    
         843  0.736110687    
         844  0.738844991    
         845  0.737490118    
         846  0.738820016    
         847  0.738505661    
         848  0.739334822    
         849  0.740268528    
         850  0.741561651    
         851  0.740678132    
         852  0.740500987    
         853  0.742388785    
         854  0.742337704    
         855  0.742657721    
         856  0.746597946    
         857  0.744601786    
         858  0.744241893    
         859  0.746750832    
         860  0.746637404    
         861  0.746660471    
         862  0.745680630    
         863  0.745340466    
         864  0.744008958    
         865  0.744150817    
         866  0.747180820    
         867  0.748005509    
         868  0.748316288    
         869  0.747083545    
         870  0.745489836    
         871  0.744220018    
         872  0.747771859    
         873  0.750462830    
         874  0.748669088    
         875  0.749820232    
         876  0.750205874    
         877  0.752012312    
         878  0.753141522    
         879  0.752214909    
         880  0.754445314    
         881  0.754540563    
         882  0.753875256    
         883  0.752771974    
         884  0.753996730    
         885  0.755267978    
         886  0.756792665    
         887  0.755552053    
         888  0.756142199    
         889  0.754955769    
         890  0.754022181    
         891  0.753783584    
         892  0.756221771    
         893  0.756019473    
         894  0.756672800    
         895  0.757220864    
         896  0.757698178    
         897  0.759441018    
         898  0.758398235    
         899  0.760507882    
         900  0.760803521    
         901  0.760205328    
         902  0.761528790    
         903  0.763677597    
         904  0.764024734    
         905  0.764547706    
         906  0.764094889    
         907  0.763971925    
         908  0.766642034    
         909  0.765572906    
         910  0.765848458    
         911  0.766320765    
         912  0.767253935    
         913  0.767525434    
         914  0.766094685    
         915  0.764270008    
         916  0.765690923    
         917  0.767124474    
         918  0.768502772    
         919  0.768592417    
         920  0.770148277    
         921  0.772311747    
         922  0.773540199    
         923  0.773580313    
         924  0.773768663    
         925  0.773035467    
         926  0.772673130    
         927  0.770910859    
         928  0.771480381    
         929  0.769750595    
         930  0.771291018    
         931  0.769728482    
         932  0.771010041    
         933  0.772761047    
         934  0.772133708    
         935  0.771530032    
         936  0.771776736    
         937  0.771404505    
         938  0.771743417    
         939  0.770585001    
         940  0.771591604    
         941  0.772386491    
         942  0.771857798    
         943  0.773186743    
         944  0.773333430    
         945  0.772300005    
         946  0.773355246    
         947  0.773738921    
         948  0.771792591    
         949  0.771757185    
         950  0.770856500    
         951  0.772333682    
         952  0.771524072    
         953  0.770895958    
         954  0.772317588    
         955  0.770652473    
         956  0.771328270    
         957  0.772505760    
         958  0.771745026    
         959  0.771266282    
         960  0.773068249    
         961  0.774125993    
         962  0.776063800    
         963  0.778085172    
         964  0.778853178    
         965  0.777848184    
         966  0.778454006    
         967  0.777353525    
         968  0.778493583    
         969  0.779607952    
         970  0.778461456    
         971  0.778033376    
         972  0.776880383    
         973  0.776237905    
         974  0.777402639    
         975  0.777684510    
         976  0.776905239    
         977  0.778078020    
         978  0.777854145    
         979  0.779566884    
         980  0.782044411    
         981  0.781912327    
         982  0.784424603    
         983  0.783747733    
         984  0.784419894    
         985  0.785604715    
         986  0.784810662    
         987  0.784644067    
         988  0.787131667    
         989  0.787303329    
         990  0.789024293    
         991  0.787789106    
         992  0.789408803    
         993  0.789150596    
         994  0.788779557    
         995  0.788423300    
         996  0.788504779    
         997  0.789459705    
         998  0.788878798    
         999  0.788689315    
        1000  0.790332496    
