           1  0.337325364    
           2  0.338373572    
           3  0.339876026    
           4  0.340368867    
           5  0.342173308    
           6  0.344109595    
           7  0.346860349    
           8  0.347316623    
           9  0.348493010    
          10  0.348540425    
          11  0.349700511    
          12  0.350077361    
          13  0.350391775    
          14  0.351300597    
          15  0.353384733    
          16  0.354301155    
          17  0.356174916    
          18  0.357258350    
          19  0.358316392    
          20  0.360454470    
          21  0.362107813    
          22  0.363673687    
          23  0.363993645    
          24  0.364860117    
          25  0.366516799    
          26  0.366608351    
          27  0.368353486    
          28  0.370208889    
          29  0.371592402    
          30  0.375047028    
          31  0.374763638    
          32  0.374868274    
          33  0.375678509    
          34  0.376966029    
          35  0.378376245    
          36  0.378664315    
          37  0.378583550    
          38  0.380181313    
          39  0.380373895    
          40  0.380655766    
          41  0.380757838    
          42  0.382571280    
          43  0.384688914    
          44  0.384153008    
          45  0.383787543    
          46  0.383611381    
          47  0.386099935    
          48  0.386108518    
          49  0.387854666    
          50  0.389636576    
          51  0.388979554    
          52  0.391146630    
          53  0.392613500    
          54  0.394150734    
          55  0.394444734    
          56  0.394452393    
          57  0.395316303    
          58  0.396416068    
          59  0.397429705    
          60  0.398024976    
          61  0.398408741    
          62  0.401135415    
          63  0.401250869    
          64  0.400980830    
          65  0.401816100    
          66  0.401934654    
          67  0.403648436    
          68  0.405770391    
          69  0.407348752    
          70  0.406907350    
          71  0.406498104    
          72  0.406549752    
          73  0.407669395    
          74  0.408289373    
          75  0.408795416    
          76  0.409335494    
          77  0.411828995    
          78  0.411382794    
          79  0.413065135    
          80  0.413648486    
          81  0.414459080    
          82  0.415037364    
          83  0.415997177    
          84  0.415107995    
          85  0.416661650    
          86  0.417318165    
          87  0.417455763    
          88  0.417659789    
          89  0.418381035    
          90  0.416639268    
          91  0.416528672    
          92  0.417041749    
          93  0.417494774    
          94  0.416758567    
          95  0.418220609    
          96  0.419843286    
          97  0.420275688    
          98  0.421503305    
          99  0.422651380    
         100  0.422889918    
         101  0.423388064    
         102  0.425517112    
         103  0.427408069    
         104  0.428816408    
         105  0.430116415    
         106  0.431489825    
         107  0.431567162    
         108  0.432645023    
         109  0.433151186    
         110  0.433377475    
         111  0.431987643    
         112  0.434104413    
         113  0.435386240    
         114  0.435897768    
         115  0.436788589    
         116  0.437673986    
         117  0.439739019    
         118  0.440719992    
         119  0.442357838    
         120  0.443698525    
         121  0.443659306    
         122  0.442123175    
         123  0.442121148    
         124  0.444222808    
         125  0.444403738    
         126  0.444833338    
         127  0.446488887    
         128  0.448307276    
         129  0.447992712    
         130  0.448494762    
         131  0.449142814    
         132  0.450222343    
         133  0.450543672    
         134  0.450610489    
         135  0.451473534    
         136  0.452257335    
         137  0.452285647    
         138  0.454185843    
         139  0.455734909    
         140  0.457518995    
         141  0.457803816    
         142  0.460075229    
         143  0.460034043    
         144  0.459853739    
         145  0.460781097    
         146  0.461302996    
         147  0.463007271    
         148  0.462220013    
         149  0.461614579    
         150  0.463746637    
         151  0.464609385    
         152  0.466281176    
         153  0.467823803    
         154  0.467764616    
         155  0.468186915    
         156  0.466776252    
         157  0.468206614    
         158  0.469454974    
         159  0.470361859    
         160  0.470276147    
         161  0.471691638    
         162  0.473567843    
         163  0.475302905    
         164  0.476405084    
         165  0.476442993    
         166  0.479410946    
         167  0.479072660    
         168  0.479953557    
         169  0.480488092    
         170  0.481580913    
         171  0.480781823    
         172  0.480510145    
         173  0.480475426    
         174  0.480334759    
         175  0.480049700    
         176  0.481055409    
         177  0.480867565    
         178  0.481969208    
         179  0.482268870    
         180  0.483383209    
         181  0.485670537    
         182  0.485415906    
         183  0.485884219    
         184  0.488112688    
         185  0.488745064    
         186  0.488427192    
         187  0.490275383    
         188  0.491422892    
         189  0.492096215    
         190  0.493017733    
         191  0.493203878    
         192  0.494702041    
         193  0.495213121    
         194  0.494741648    
         195  0.496978223    
         196  0.497173280    
         197  0.497695982    
         198  0.499896348    
         199  0.501325548    
         200  0.502811015    
         201  0.502153158    
         202  0.503549218    
         203  0.503571272    
         204  0.503110766    
         205  0.502707243    
         206  0.503647387    
         207  0.503849328    
         208  0.505053163    
         209  0.504511118    
         210  0.504483044    
         211  0.507456779    
         212  0.507762611    
         213  0.506115615    
         214  0.505160332    
         215  0.505557179    
         216  0.506995857    
         217  0.509174705    
         218  0.509291649    
         219  0.510061443    
         220  0.510464072    
         221  0.512158155    
         222  0.512400329    
         223  0.514115334    
         224  0.515550852    
         225  0.516103983    
         226  0.516596317    
         227  0.516782880    
         228  0.518036544    
         229  0.518997610    
         230  0.520073771    
         231  0.521623552    
         232  0.521701455    
         233  0.522761643    
         234  0.524544775    
         235  0.524409592    
         236  0.523065984    
         237  0.523931205    
         238  0.523473442    
         239  0.524185896    
         240  0.526143730    
         241  0.526841879    
         242  0.527825415    
         243  0.529135227    
         244  0.530504763    
         245  0.530267298    
         246  0.531140447    
         247  0.532906055    
         248  0.532645106    
         249  0.533014715    
         250  0.532423377    
         251  0.533464015    
         252  0.534044921    
         253  0.534417570    
         254  0.535947978    
         255  0.537686586    
         256  0.538673222    
         257  0.538479030    
         258  0.540015876    
         259  0.541766167    
         260  0.542955041    
         261  0.543800831    
         262  0.544476151    
         263  0.544962883    
         264  0.548132062    
         265  0.549546063    
         266  0.548180759    
         267  0.550453722    
         268  0.550601959    
         269  0.550942123    
         270  0.550670326    
         271  0.551132739    
         272  0.553089976    
         273  0.554815233    
         274  0.556035280    
         275  0.555949807    
         276  0.555886328    
         277  0.557495236    
         278  0.558745444    
         279  0.558661699    
         280  0.559202075    
         281  0.558285594    
         282  0.559220314    
         283  0.560571730    
         284  0.560682535    
         285  0.562131405    
         286  0.562724233    
         287  0.561740518    
         288  0.562622368    
         289  0.562521040    
         290  0.562868237    
         291  0.564956546    
         292  0.564476848    
         293  0.565039873    
         294  0.566282272    
         295  0.565987051    
         296  0.565696180    
         297  0.565700948    
         298  0.567032576    
         299  0.566904604    
         300  0.565443337    
         301  0.564281225    
         302  0.564893425    
         303  0.564212739    
         304  0.566092432    
         305  0.565994918    
         306  0.564611852    
         307  0.564103484    
         308  0.566877186    
         309  0.566901386    
         310  0.566018283    
         311  0.566772044    
         312  0.568163574    
         313  0.568467975    
         314  0.568854690    
         315  0.569143295    
         316  0.570487022    
         317  0.572602987    
         318  0.571598351    
         319  0.573196471    
         320  0.572088778    
         321  0.572466671    
         322  0.574174404    
         323  0.574728072    
         324  0.574020982    
         325  0.576524019    
         326  0.576474011    
         327  0.577717483    
         328  0.577717900    
         329  0.580000639    
         330  0.579906046    
         331  0.580224454    
         332  0.580588937    
         333  0.581630588    
         334  0.583069265    
         335  0.582468450    
         336  0.583419383    
         337  0.582552016    
         338  0.583436549    
         339  0.582727432    
         340  0.581244469    
         341  0.580105484    
         342  0.580895901    
         343  0.580973625    
         344  0.580769479    
         345  0.580860794    
         346  0.582768321    
         347  0.581467450    
         348  0.582299948    
         349  0.583533287    
         350  0.584422290    
         351  0.584632933    
         352  0.585650921    
         353  0.587281168    
         354  0.587261379    
         355  0.587978840    
         356  0.589503825    
         357  0.590047181    
         358  0.589060724    
         359  0.588932753    
         360  0.587710381    
         361  0.588128328    
         362  0.587901175    
         363  0.588404179    
         364  0.589461923    
         365  0.590205789    
         366  0.589833617    
         367  0.589821339    
         368  0.591928482    
         369  0.591325045    
         370  0.590743363    
         371  0.590873659    
         372  0.590918899    
         373  0.590522468    
         374  0.591615260    
         375  0.591052413    
         376  0.592322767    
         377  0.591195047    
         378  0.590729833    
         379  0.591616511    
         380  0.592355371    
         381  0.593870401    
         382  0.592662454    
         383  0.592531264    
         384  0.593822420    
         385  0.593820751    
         386  0.594597101    
         387  0.593561292    
         388  0.593112588    
         389  0.593937218    
         390  0.594003141    
         391  0.593594491    
         392  0.595627964    
         393  0.595469892    
         394  0.594815433    
         395  0.595453322    
         396  0.596367478    
         397  0.594693720    
         398  0.595447659    
         399  0.597270072    
         400  0.596160054    
         401  0.596037686    
         402  0.595847666    
         403  0.595862210    
         404  0.595971346    
         405  0.596796453    
         406  0.596324742    
         407  0.597639382    
         408  0.597483933    
         409  0.598164439    
         410  0.599102199    
         411  0.600812852    
         412  0.601377428    
         413  0.601243258    
         414  0.600082099    
         415  0.599500299    
         416  0.600536704    
         417  0.600458324    
         418  0.598803282    
         419  0.597789586    
         420  0.598246634    
         421  0.597809851    
         422  0.598598182    
         423  0.598530352    
         424  0.598453164    
         425  0.598944843    
         426  0.599552333    
         427  0.600342989    
         428  0.600854158    
         429  0.600690782    
         430  0.600144625    
         431  0.600786328    
         432  0.601294816    
         433  0.602639318    
         434  0.602283359    
         435  0.602204382    
         436  0.603098989    
         437  0.604220331    
         438  0.604178786    
         439  0.603877008    
         440  0.602997839    
         441  0.603606880    
         442  0.604008973    
         443  0.604554296    
         444  0.604386389    
         445  0.604699492    
         446  0.606703937    
         447  0.606154859    
         448  0.606291711    
         449  0.606895804    
         450  0.606515825    
         451  0.607226789    
         452  0.610316753    
         453  0.609564841    
         454  0.610935330    
         455  0.610030353    
         456  0.612596393    
         457  0.613566101    
         458  0.614014387    
         459  0.613427758    
         460  0.613060892    
         461  0.612234652    
         462  0.611525834    
         463  0.612599909    
         464  0.612349927    
         465  0.613479555    
         466  0.613751173    
         467  0.614577293    
         468  0.615450859    
         469  0.615165651    
         470  0.616686165    
         471  0.617111325    
         472  0.617017806    
         473  0.618425131    
         474  0.616605937    
         475  0.617304265    
         476  0.616591036    
         477  0.616440535    
         478  0.616412818    
         479  0.619178057    
         480  0.618417680    
         481  0.618549407    
         482  0.617246568    
         483  0.616566062    
         484  0.617452323    
         485  0.618871510    
         486  0.621325910    
         487  0.620890319    
         488  0.620123208    
         489  0.618918300    
         490  0.619018257    
         491  0.619298995    
         492  0.619912565    
         493  0.619408607    
         494  0.622071326    
         495  0.622160912    
         496  0.621343493    
         497  0.622024775    
         498  0.624080300    
         499  0.620979011    
         500  0.622271776    
         501  0.622325003    
         502  0.622313380    
         503  0.622834265    
         504  0.621865809    
         505  0.621034026    
         506  0.620542645    
         507  0.622215390    
         508  0.623702943    
         509  0.623102307    
         510  0.624187112    
         511  0.624403715    
         512  0.624232411    
         513  0.626786530    
         514  0.626737654    
         515  0.627705991    
         516  0.628552794    
         517  0.629334986    
         518  0.628427386    
         519  0.628978610    
         520  0.626596749    
         521  0.627531052    
         522  0.627371013    
         523  0.628701270    
         524  0.627759337    
         525  0.627663791    
         526  0.627072394    
         527  0.627814353    
         528  0.626937628    
         529  0.627601445    
         530  0.628756046    
         531  0.628292680    
         532  0.628881752    
         533  0.629111588    
         534  0.629485786    
         535  0.627935410    
         536  0.627907276    
         537  0.627716303    
         538  0.627680540    
         539  0.627169847    
         540  0.627687931    
         541  0.629342914    
         542  0.629129469    
         543  0.628728390    
         544  0.629103780    
         545  0.630711615    
         546  0.631258786    
         547  0.631889105    
         548  0.630530059    
         549  0.630788922    
         550  0.631079197    
         551  0.631163657    
         552  0.632033229    
         553  0.633571804    
         554  0.633328617    
         555  0.632629573    
         556  0.634147823    
         557  0.634224176    
         558  0.633242786    
         559  0.634308696    
         560  0.635802805    
         561  0.636640370    
         562  0.636288583    
         563  0.635794044    
         564  0.636523366    
         565  0.638054609    
         566  0.638944149    
         567  0.639401078    
         568  0.638440251    
         569  0.638566494    
         570  0.639557302    
         571  0.640205026    
         572  0.639886558    
         573  0.641763747    
         574  0.644042790    
         575  0.644039452    
         576  0.645241201    
         577  0.644036233    
         578  0.645321727    
         579  0.644662201    
         580  0.645962477    
         581  0.647190511    
         582  0.645952106    
         583  0.646833956    
         584  0.647543013    
         585  0.647978604    
         586  0.647631824    
         587  0.648209214    
         588  0.648363948    
         589  0.648190439    
         590  0.647798002    
         591  0.648326278    
         592  0.649457574    
         593  0.649622858    
         594  0.651753187    
         595  0.653162837    
         596  0.652746260    
         597  0.655248702    
         598  0.657648206    
         599  0.657828331    
         600  0.658033073    
         601  0.657548010    
         602  0.657822967    
         603  0.658124506    
         604  0.658623636    
         605  0.660031796    
         606  0.661097765    
         607  0.662030995    
         608  0.664950788    
         609  0.664736152    
         610  0.665576339    
         611  0.666304410    
         612  0.667818964    
         613  0.669105411    
         614  0.670593441    
         615  0.671104312    
         616  0.672538042    
         617  0.673080087    
         618  0.673020184    
         619  0.674806297    
         620  0.675110519    
         621  0.675240874    
         622  0.675309658    
         623  0.675351739    
         624  0.676852167    
         625  0.677255094    
         626  0.678645074    
         627  0.676579297    
         628  0.677434325    
         629  0.677348197    
         630  0.677532196    
         631  0.676838815    
         632  0.676963866    
         633  0.677069485    
         634  0.677168190    
         635  0.678685486    
         636  0.678806186    
         637  0.680279732    
         638  0.683173895    
         639  0.684894741    
         640  0.683683991    
         641  0.683634579    
         642  0.684139073    
         643  0.683478534    
         644  0.683414161    
         645  0.683380187    
         646  0.683307409    
         647  0.685308814    
         648  0.685425341    
         649  0.686978757    
         650  0.686216354    
         651  0.688021660    
         652  0.687357843    
         653  0.688889861    
         654  0.689386964    
         655  0.689355195    
         656  0.691991746    
         657  0.691127837    
         658  0.690539539    
         659  0.690262377    
         660  0.692443192    
         661  0.693865418    
         662  0.692718565    
         663  0.692873120    
         664  0.694394767    
         665  0.694319904    
         666  0.692290127    
         667  0.693239570    
         668  0.694242835    
         669  0.694807231    
         670  0.695223331    
         671  0.695457518    
         672  0.694795907    
         673  0.695232153    
         674  0.696871758    
         675  0.697130740    
         676  0.697092593    
         677  0.698624909    
         678  0.697772682    
         679  0.700583637    
         680  0.701848924    
         681  0.701977611    
         682  0.703401029    
         683  0.703556716    
         684  0.705954373    
         685  0.706285238    
         686  0.704805851    
         687  0.707181454    
         688  0.707972944    
         689  0.707018673    
         690  0.708849907    
         691  0.707629502    
         692  0.708716571    
         693  0.709460437    
         694  0.708839893    
         695  0.710552633    
         696  0.711229801    
         697  0.711434841    
         698  0.713078618    
         699  0.716638923    
         700  0.715853155    
         701  0.715085328    
         702  0.714742422    
         703  0.716976821    
         704  0.716156602    
         705  0.715457201    
         706  0.715468764    
         707  0.715564847    
         708  0.715835214    
         709  0.714738607    
         710  0.718386352    
         711  0.718509376    
         712  0.716620982    
         713  0.715409398    
         714  0.716788709    
         715  0.716448545    
         716  0.716097414    
         717  0.716563821    
         718  0.716397226    
         719  0.717114925    
         720  0.718482614    
         721  0.718995690    
         722  0.718052626    
         723  0.718004704    
         724  0.717732489    
         725  0.718035460    
         726  0.717092216    
         727  0.717300594    
         728  0.718267918    
         729  0.718291819    
         730  0.718306184    
         731  0.716850936    
         732  0.716473639    
         733  0.715833426    
         734  0.719956100    
         735  0.721064448    
         736  0.720014811    
         737  0.721026421    
         738  0.720535398    
         739  0.718707144    
         740  0.720933437    
         741  0.721223533    
         742  0.721991837    
         743  0.720649242    
         744  0.721389353    
         745  0.720956445    
         746  0.723839343    
         747  0.725993931    
         748  0.725323737    
         749  0.724937737    
         750  0.724336743    
         751  0.726469874    
         752  0.726063848    
         753  0.725619733    
         754  0.726430953    
         755  0.726382375    
         756  0.726065099    
         757  0.726771414    
         758  0.727475703    
         759  0.728227377    
         760  0.726404488    
         761  0.728744268    
         762  0.731536627    
         763  0.735300362    
         764  0.735590279    
         765  0.737088144    
         766  0.736223161    
         767  0.736456692    
         768  0.736946642    
         769  0.736824155    
         770  0.737221241    
         771  0.737327278    
         772  0.738099158    
         773  0.736968577    
         774  0.736586809    
         775  0.737796307    
         776  0.738829195    
         777  0.737899601    
         778  0.738109410    
         779  0.736893356    
         780  0.736959100    
         781  0.736653090    
         782  0.736885488    
         783  0.736400962    
         784  0.739839137    
         785  0.741083980    
         786  0.742873788    
         787  0.744702458    
         788  0.745305538    
         789  0.746345997    
         790  0.746577322    
         791  0.745018542    
         792  0.745312214    
         793  0.744613767    
         794  0.744289160    
         795  0.744270563    
         796  0.744752467    
         797  0.743710399    
         798  0.743925512    
         799  0.744241834    
         800  0.745104790    
         801  0.744198620    
         802  0.745740891    
         803  0.746756315    
         804  0.746347368    
         805  0.745333254    
         806  0.745902419    
         807  0.747060061    
         808  0.747999966    
         809  0.750117898    
         810  0.750255048    
         811  0.749291480    
         812  0.749856651    
         813  0.750786841    
         814  0.748883724    
         815  0.749575734    
         816  0.749941647    
         817  0.751891196    
         818  0.753134191    
         819  0.752486289    
         820  0.750023782    
         821  0.750728309    
         822  0.751374245    
         823  0.751707613    
         824  0.752309263    
         825  0.752406061    
         826  0.752198398    
         827  0.752527177    
         828  0.752403975    
         829  0.754299879    
         830  0.755160332    
         831  0.755814552    
         832  0.754278541    
         833  0.755024254    
         834  0.755247116    
         835  0.755320907    
         836  0.754812002    
         837  0.753365397    
         838  0.754386663    
         839  0.756884217    
         840  0.757728338    
         841  0.757771730    
         842  0.756318450    
         843  0.755652487    
         844  0.757890463    
         845  0.755899787    
         846  0.754995108    
         847  0.753887713    
         848  0.752601385    
         849  0.752630830    
         850  0.752511978    
         851  0.752406478    
         852  0.752202213    
         853  0.751675904    
         854  0.749952972    
         855  0.748308122    
         856  0.747879624    
         857  0.748009801    
         858  0.748919070    
         859  0.747611701    
         860  0.746772945    
         861  0.748223782    
         862  0.750450790    
         863  0.750392020    
         864  0.750212073    
         865  0.748589516    
         866  0.747792244    
         867  0.746425509    
         868  0.748431921    
         869  0.747634888    
         870  0.748529494    
         871  0.749615133    
         872  0.749734461    
         873  0.751399755    
         874  0.750662386    
         875  0.752192497    
         876  0.752335727    
         877  0.750418365    
         878  0.750041902    
         879  0.750355422    
         880  0.751519024    
         881  0.753137231    
         882  0.754815340    
         883  0.755136371    
         884  0.756753802    
         885  0.759017706    
         886  0.760126352    
         887  0.761055052    
         888  0.762120485    
         889  0.763692677    
         890  0.765472710    
         891  0.765249431    
         892  0.764795303    
         893  0.764269471    
         894  0.766793907    
         895  0.765759170    
         896  0.765610397    
         897  0.763475537    
         898  0.764881968    
         899  0.763394594    
         900  0.761579812    
         901  0.759862542    
         902  0.759921968    
         903  0.761442482    
         904  0.763501585    
         905  0.764356613    
         906  0.763631880    
         907  0.763880849    
         908  0.764859080    
         909  0.767002165    
         910  0.767575324    
         911  0.764816165    
         912  0.763392270    
         913  0.764335155    
         914  0.763408124    
         915  0.762356699    
         916  0.761521161    
         917  0.761696696    
         918  0.760697782    
         919  0.760543048    
         920  0.760027587    
         921  0.760873258    
         922  0.764152467    
         923  0.763040066    
         924  0.762857318    
         925  0.761028111    
         926  0.760452032    
         927  0.757997811    
         928  0.756898522    
         929  0.759004474    
         930  0.759461403    
         931  0.759094119    
         932  0.759898067    
         933  0.761812568    
         934  0.762458086    
         935  0.763836503    
         936  0.762060761    
         937  0.762653887    
         938  0.763440788    
         939  0.765719175    
         940  0.767912805    
         941  0.769241452    
         942  0.768129408    
         943  0.766856790    
         944  0.767292142    
         945  0.767101645    
         946  0.765775681    
         947  0.765826166    
         948  0.767006338    
         949  0.769069672    
         950  0.769448638    
         951  0.770550132    
         952  0.767872810    
         953  0.766898572    
         954  0.768057168    
         955  0.768694043    
         956  0.767507255    
         957  0.769655526    
         958  0.770123482    
         959  0.772331893    
         960  0.771042526    
         961  0.775283098    
         962  0.775143981    
         963  0.774598837    
         964  0.776683986    
         965  0.776637137    
         966  0.780335963    
         967  0.779555082    
         968  0.780209541    
         969  0.781658590    
         970  0.781466901    
         971  0.779515803    
         972  0.778861582    
         973  0.780957222    
         974  0.781654298    
         975  0.779359221    
         976  0.781360567    
         977  0.780117154    
         978  0.779229760    
         979  0.777909517    
         980  0.777733445    
         981  0.777821541    
         982  0.778536677    
         983  0.778927207    
         984  0.780832171    
         985  0.781849384    
         986  0.781365037    
         987  0.782107770    
         988  0.782354414    
         989  0.784056664    
         990  0.785680413    
         991  0.786465287    
         992  0.787616134    
         993  0.786583304    
         994  0.786114991    
         995  0.784953535    
         996  0.785384178    
         997  0.784904420    
         998  0.784403801    
         999  0.787481487    
        1000  0.787542939    
