           1  0.339667171    
           2  0.342188299    
           3  0.343589455    
           4  0.346267670    
           5  0.347894669    
           6  0.350690126    
           7  0.351359040    
           8  0.351973444    
           9  0.352788776    
          10  0.354765475    
          11  0.356404245    
          12  0.357659996    
          13  0.358926326    
          14  0.360241055    
          15  0.362540275    
          16  0.363528430    
          17  0.364612877    
          18  0.364909887    
          19  0.364980876    
          20  0.365681827    
          21  0.365754724    
          22  0.367199153    
          23  0.367949367    
          24  0.368328303    
          25  0.368686795    
          26  0.370841026    
          27  0.371737331    
          28  0.371780127    
          29  0.373524398    
          30  0.374637246    
          31  0.376473933    
          32  0.377196491    
          33  0.377169520    
          34  0.378927886    
          35  0.380333781    
          36  0.379354268    
          37  0.380285650    
          38  0.381958723    
          39  0.383726388    
          40  0.385214150    
          41  0.386831224    
          42  0.388722152    
          43  0.388219565    
          44  0.389171362    
          45  0.390680671    
          46  0.392229825    
          47  0.393274516    
          48  0.394424468    
          49  0.394386232    
          50  0.394939482    
          51  0.394506931    
          52  0.396213889    
          53  0.397505581    
          54  0.397008657    
          55  0.399014473    
          56  0.400106132    
          57  0.400363743    
          58  0.401189655    
          59  0.402489036    
          60  0.405160099    
          61  0.406493425    
          62  0.407042265    
          63  0.407997638    
          64  0.409114003    
          65  0.408748537    
          66  0.410128146    
          67  0.411146939    
          68  0.412492514    
          69  0.412831783    
          70  0.412140369    
          71  0.415116906    
          72  0.415367395    
          73  0.417548507    
          74  0.419141889    
          75  0.419649035    
          76  0.421158880    
          77  0.420441478    
          78  0.419855505    
          79  0.420772970    
          80  0.420526832    
          81  0.420287877    
          82  0.420675099    
          83  0.420765877    
          84  0.423526943    
          85  0.424893141    
          86  0.425100118    
          87  0.426358432    
          88  0.426350117    
          89  0.427772969    
          90  0.429564029    
          91  0.430375129    
          92  0.431999505    
          93  0.433323532    
          94  0.433321834    
          95  0.434160680    
          96  0.436131299    
          97  0.436266482    
          98  0.438729495    
          99  0.440424532    
         100  0.440520138    
         101  0.440488070    
         102  0.440592319    
         103  0.441451043    
         104  0.441778094    
         105  0.441897690    
         106  0.442511827    
         107  0.444529384    
         108  0.446726024    
         109  0.446395874    
         110  0.446914703    
         111  0.445977688    
         112  0.446970224    
         113  0.447849244    
         114  0.448961526    
         115  0.450413793    
         116  0.450795144    
         117  0.450811952    
         118  0.451697767    
         119  0.452995658    
         120  0.452517122    
         121  0.453870475    
         122  0.456429690    
         123  0.456493795    
         124  0.457626224    
         125  0.458390534    
         126  0.457010865    
         127  0.458120763    
         128  0.459649980    
         129  0.459199846    
         130  0.461092770    
         131  0.462342292    
         132  0.462553799    
         133  0.463312179    
         134  0.464343667    
         135  0.466096222    
         136  0.467497617    
         137  0.469265074    
         138  0.468945950    
         139  0.469561070    
         140  0.470613003    
         141  0.470588326    
         142  0.470208704    
         143  0.470991641    
         144  0.470377624    
         145  0.470890939    
         146  0.472726792    
         147  0.473262608    
         148  0.475051135    
         149  0.475033939    
         150  0.476392269    
         151  0.476822942    
         152  0.477623880    
         153  0.477335244    
         154  0.477978915    
         155  0.477558076    
         156  0.479048699    
         157  0.479428023    
         158  0.480899572    
         159  0.482772380    
         160  0.483635008    
         161  0.485920787    
         162  0.487695456    
         163  0.489412695    
         164  0.489955842    
         165  0.489195764    
         166  0.490610808    
         167  0.489473909    
         168  0.490653068    
         169  0.492020845    
         170  0.493590832    
         171  0.493364841    
         172  0.493409634    
         173  0.496198356    
         174  0.496198207    
         175  0.495276421    
         176  0.498558253    
         177  0.498709410    
         178  0.498848706    
         179  0.499518216    
         180  0.499130368    
         181  0.500002325    
         182  0.498728454    
         183  0.499759436    
         184  0.500555396    
         185  0.501656234    
         186  0.503117025    
         187  0.502329528    
         188  0.501935363    
         189  0.503346503    
         190  0.503278613    
         191  0.503305554    
         192  0.501932621    
         193  0.501895130    
         194  0.503843486    
         195  0.503769517    
         196  0.504218400    
         197  0.503414333    
         198  0.504048944    
         199  0.505281091    
         200  0.506503940    
         201  0.506308079    
         202  0.508142948    
         203  0.508921623    
         204  0.509241164    
         205  0.511307120    
         206  0.511132240    
         207  0.512675166    
         208  0.513218224    
         209  0.512929142    
         210  0.513961256    
         211  0.514266133    
         212  0.513396561    
         213  0.513885021    
         214  0.513540924    
         215  0.516332448    
         216  0.516192555    
         217  0.517231226    
         218  0.518223166    
         219  0.518406928    
         220  0.518039167    
         221  0.517325521    
         222  0.518142700    
         223  0.520088315    
         224  0.520477653    
         225  0.520480335    
         226  0.521973789    
         227  0.521731079    
         228  0.522864044    
         229  0.522882938    
         230  0.523916721    
         231  0.524272025    
         232  0.525409698    
         233  0.525977254    
         234  0.527083993    
         235  0.526892543    
         236  0.527737558    
         237  0.527474940    
         238  0.528067172    
         239  0.528979003    
         240  0.529744148    
         241  0.532364249    
         242  0.532640040    
         243  0.533147871    
         244  0.532073617    
         245  0.531033874    
         246  0.533111632    
         247  0.534084082    
         248  0.534432232    
         249  0.536095917    
         250  0.535557270    
         251  0.534892797    
         252  0.535858989    
         253  0.535595119    
         254  0.534684837    
         255  0.538357019    
         256  0.537883401    
         257  0.539765835    
         258  0.538392186    
         259  0.538838506    
         260  0.540002942    
         261  0.541048229    
         262  0.541254699    
         263  0.540387809    
         264  0.541088939    
         265  0.539612710    
         266  0.540920734    
         267  0.541842878    
         268  0.542743981    
         269  0.543492794    
         270  0.543372452    
         271  0.542834461    
         272  0.542888165    
         273  0.543075144    
         274  0.544015527    
         275  0.543774009    
         276  0.545307517    
         277  0.545670867    
         278  0.548258722    
         279  0.551267445    
         280  0.552394688    
         281  0.552681804    
         282  0.552468002    
         283  0.551720917    
         284  0.552961349    
         285  0.553268373    
         286  0.554255188    
         287  0.555119038    
         288  0.554668188    
         289  0.555196166    
         290  0.556099534    
         291  0.555394650    
         292  0.554898083    
         293  0.556229115    
         294  0.555221677    
         295  0.555742085    
         296  0.554489076    
         297  0.554978192    
         298  0.555153251    
         299  0.555916488    
         300  0.557575345    
         301  0.558329225    
         302  0.559604108    
         303  0.560534120    
         304  0.561772406    
         305  0.560642838    
         306  0.560388923    
         307  0.560710907    
         308  0.560524762    
         309  0.561611295    
         310  0.563925982    
         311  0.566304028    
         312  0.565952659    
         313  0.565658867    
         314  0.566215515    
         315  0.568263888    
         316  0.569444954    
         317  0.572438419    
         318  0.573812485    
         319  0.572274029    
         320  0.575130284    
         321  0.574925900    
         322  0.576552272    
         323  0.578283191    
         324  0.580258548    
         325  0.581315160    
         326  0.580995321    
         327  0.581223369    
         328  0.582403064    
         329  0.581870556    
         330  0.581644654    
         331  0.581368089    
         332  0.582021534    
         333  0.581938863    
         334  0.581553221    
         335  0.581838846    
         336  0.581284344    
         337  0.581249714    
         338  0.581750214    
         339  0.580853045    
         340  0.580611706    
         341  0.581417918    
         342  0.581407905    
         343  0.580541492    
         344  0.580750883    
         345  0.580922306    
         346  0.582610130    
         347  0.584820807    
         348  0.585430026    
         349  0.585695326    
         350  0.586696148    
         351  0.586719394    
         352  0.588024437    
         353  0.589242399    
         354  0.589089215    
         355  0.590271056    
         356  0.590158761    
         357  0.589800298    
         358  0.589491069    
         359  0.589330375    
         360  0.590103388    
         361  0.588948309    
         362  0.590455055    
         363  0.590975106    
         364  0.591585934    
         365  0.594167650    
         366  0.595175982    
         367  0.596501172    
         368  0.597558737    
         369  0.599057078    
         370  0.600320101    
         371  0.601377487    
         372  0.601453602    
         373  0.601901114    
         374  0.602424741    
         375  0.603135049    
         376  0.604748249    
         377  0.604793489    
         378  0.605849326    
         379  0.607935250    
         380  0.609490931    
         381  0.610379457    
         382  0.611255705    
         383  0.612833619    
         384  0.613257229    
         385  0.613405228    
         386  0.613436759    
         387  0.614006519    
         388  0.614394724    
         389  0.614831030    
         390  0.615128756    
         391  0.616945267    
         392  0.615893543    
         393  0.617714226    
         394  0.615705013    
         395  0.614992738    
         396  0.615546405    
         397  0.614387274    
         398  0.614256084    
         399  0.614604414    
         400  0.615135789    
         401  0.615728974    
         402  0.614909887    
         403  0.615897119    
         404  0.616136909    
         405  0.617663383    
         406  0.618424952    
         407  0.618525803    
         408  0.619163215    
         409  0.620101333    
         410  0.619259715    
         411  0.620174706    
         412  0.620155811    
         413  0.621677339    
         414  0.622115552    
         415  0.624673665    
         416  0.624384165    
         417  0.624394655    
         418  0.624270022    
         419  0.624834955    
         420  0.624777496    
         421  0.626468182    
         422  0.626894236    
         423  0.627568901    
         424  0.628667414    
         425  0.630519688    
         426  0.631624222    
         427  0.631221175    
         428  0.631783903    
         429  0.632389843    
         430  0.633228660    
         431  0.631358922    
         432  0.631047487    
         433  0.630817950    
         434  0.629790366    
         435  0.630790174    
         436  0.632739007    
         437  0.633325636    
         438  0.632390738    
         439  0.631647646    
         440  0.632841945    
         441  0.632736146    
         442  0.632586718    
         443  0.632947445    
         444  0.633835852    
         445  0.635280430    
         446  0.634121656    
         447  0.633374751    
         448  0.632718265    
         449  0.632120788    
         450  0.633092165    
         451  0.634576738    
         452  0.633544981    
         453  0.633130670    
         454  0.633015692    
         455  0.632648647    
         456  0.634386063    
         457  0.636445642    
         458  0.635782719    
         459  0.635882378    
         460  0.634274781    
         461  0.633352160    
         462  0.635038555    
         463  0.637224376    
         464  0.638158560    
         465  0.638122499    
         466  0.638413846    
         467  0.639149249    
         468  0.639676869    
         469  0.639121056    
         470  0.638886094    
         471  0.638076365    
         472  0.639335513    
         473  0.639230728    
         474  0.638324976    
         475  0.637929142    
         476  0.638950288    
         477  0.638962746    
         478  0.639446735    
         479  0.640173256    
         480  0.638979495    
         481  0.639979303    
         482  0.641887426    
         483  0.641911685    
         484  0.640612006    
         485  0.640464544    
         486  0.640128314    
         487  0.640784681    
         488  0.640282571    
         489  0.641714036    
         490  0.641718030    
         491  0.642766476    
         492  0.642401397    
         493  0.642102540    
         494  0.640689373    
         495  0.639899492    
         496  0.640472949    
         497  0.643592298    
         498  0.645088851    
         499  0.646366954    
         500  0.646121502    
         501  0.646586657    
         502  0.647604704    
         503  0.648389101    
         504  0.647317708    
         505  0.648250401    
         506  0.647500694    
         507  0.647952437    
         508  0.647518098    
         509  0.650349617    
         510  0.651130080    
         511  0.652491152    
         512  0.654006541    
         513  0.654357433    
         514  0.654501498    
         515  0.657230973    
         516  0.656993985    
         517  0.657053411    
         518  0.656110048    
         519  0.656745791    
         520  0.655845642    
         521  0.655468762    
         522  0.655273438    
         523  0.654367685    
         524  0.654592872    
         525  0.654396236    
         526  0.654935300    
         527  0.655297637    
         528  0.656021059    
         529  0.655590415    
         530  0.653643429    
         531  0.654377878    
         532  0.654932499    
         533  0.655026913    
         534  0.656031907    
         535  0.656356394    
         536  0.657648802    
         537  0.657451332    
         538  0.656485140    
         539  0.656699479    
         540  0.655640483    
         541  0.655736148    
         542  0.654756606    
         543  0.653568923    
         544  0.652368069    
         545  0.653572261    
         546  0.655892909    
         547  0.655227363    
         548  0.658068240    
         549  0.658479393    
         550  0.657494545    
         551  0.658201933    
         552  0.659673810    
         553  0.660941541    
         554  0.660065174    
         555  0.661903381    
         556  0.661276817    
         557  0.661398232    
         558  0.660711348    
         559  0.660934329    
         560  0.660797954    
         561  0.660598755    
         562  0.660274446    
         563  0.659272909    
         564  0.658450663    
         565  0.657422841    
         566  0.659524918    
         567  0.663349509    
         568  0.663310051    
         569  0.664406836    
         570  0.665415287    
         571  0.665892780    
         572  0.666000187    
         573  0.666287422    
         574  0.665002763    
         575  0.664304972    
         576  0.664140701    
         577  0.662927926    
         578  0.662294865    
         579  0.663239896    
         580  0.662800908    
         581  0.662187636    
         582  0.661936045    
         583  0.662393510    
         584  0.664265871    
         585  0.664572299    
         586  0.666333377    
         587  0.668340802    
         588  0.668857276    
         589  0.668624401    
         590  0.668778718    
         591  0.669313192    
         592  0.670482337    
         593  0.671709836    
         594  0.669937015    
         595  0.669603646    
         596  0.669841945    
         597  0.669176877    
         598  0.669369280    
         599  0.669361830    
         600  0.670080602    
         601  0.669027925    
         602  0.670244157    
         603  0.674246728    
         604  0.674390972    
         605  0.674367726    
         606  0.675279915    
         607  0.676101923    
         608  0.676562548    
         609  0.675997794    
         610  0.677219272    
         611  0.675232649    
         612  0.675407052    
         613  0.676836789    
         614  0.675825179    
         615  0.676830769    
         616  0.676786423    
         617  0.677397847    
         618  0.676938176    
         619  0.679036617    
         620  0.677304566    
         621  0.677693307    
         622  0.677407920    
         623  0.676672161    
         624  0.676496089    
         625  0.676392674    
         626  0.675874352    
         627  0.674006999    
         628  0.675317645    
         629  0.677607656    
         630  0.677294850    
         631  0.676144481    
         632  0.676406682    
         633  0.676624894    
         634  0.676912367    
         635  0.676892161    
         636  0.678994536    
         637  0.677204251    
         638  0.677785039    
         639  0.679091156    
         640  0.680234313    
         641  0.682051182    
         642  0.681390405    
         643  0.681475461    
         644  0.681681633    
         645  0.682391346    
         646  0.684851825    
         647  0.684404552    
         648  0.685901046    
         649  0.686380148    
         650  0.685827196    
         651  0.685110211    
         652  0.685659826    
         653  0.686293364    
         654  0.687459826    
         655  0.685829163    
         656  0.684859037    
         657  0.685049653    
         658  0.684506714    
         659  0.684378743    
         660  0.686200619    
         661  0.684442878    
         662  0.683386087    
         663  0.683617592    
         664  0.683603168    
         665  0.684517086    
         666  0.683389664    
         667  0.682052255    
         668  0.682465672    
         669  0.682120800    
         670  0.681037605    
         671  0.680221260    
         672  0.680286825    
         673  0.679239273    
         674  0.678395867    
         675  0.679188192    
         676  0.681097984    
         677  0.681641281    
         678  0.681590438    
         679  0.679779708    
         680  0.678315699    
         681  0.678017616    
         682  0.678336382    
         683  0.680211663    
         684  0.679849029    
         685  0.681912839    
         686  0.683985114    
         687  0.682849348    
         688  0.682610512    
         689  0.682745218    
         690  0.683351457    
         691  0.683684647    
         692  0.684104383    
         693  0.685459495    
         694  0.687520146    
         695  0.688340962    
         696  0.689682901    
         697  0.688628972    
         698  0.688220620    
         699  0.688570559    
         700  0.689133048    
         701  0.689002216    
         702  0.690344036    
         703  0.690720260    
         704  0.690527678    
         705  0.693818390    
         706  0.692999482    
         707  0.693525493    
         708  0.694665909    
         709  0.695000172    
         710  0.695921123    
         711  0.695732117    
         712  0.695342541    
         713  0.694648206    
         714  0.693968952    
         715  0.694235742    
         716  0.694866598    
         717  0.694435835    
         718  0.694459677    
         719  0.693766057    
         720  0.692890465    
         721  0.691707969    
         722  0.691229403    
         723  0.691089213    
         724  0.692000508    
         725  0.692393064    
         726  0.692399263    
         727  0.692766607    
         728  0.696108997    
         729  0.695938528    
         730  0.697506249    
         731  0.697583139    
         732  0.700650334    
         733  0.702528954    
         734  0.701951623    
         735  0.702547967    
         736  0.702451289    
         737  0.704033136    
         738  0.705110312    
         739  0.708181918    
         740  0.708301485    
         741  0.708998084    
         742  0.709066808    
         743  0.708545566    
         744  0.711266339    
         745  0.710438371    
         746  0.711183548    
         747  0.709989905    
         748  0.708289206    
         749  0.710049629    
         750  0.709495127    
         751  0.709107757    
         752  0.711659729    
         753  0.711373210    
         754  0.712392449    
         755  0.711940944    
         756  0.712176621    
         757  0.712841988    
         758  0.711715341    
         759  0.709781885    
         760  0.709827900    
         761  0.709740341    
         762  0.710324049    
         763  0.710787416    
         764  0.710304379    
         765  0.708497882    
         766  0.709512591    
         767  0.710223854    
         768  0.711140394    
         769  0.709870756    
         770  0.710185111    
         771  0.708809912    
         772  0.709198058    
         773  0.707513332    
         774  0.709626377    
         775  0.709490180    
         776  0.709068716    
         777  0.707460046    
         778  0.706247389    
         779  0.704048812    
         780  0.706166863    
         781  0.705995381    
         782  0.705076218    
         783  0.704959095    
         784  0.705536604    
         785  0.706535757    
         786  0.707157552    
         787  0.707242250    
         788  0.709261239    
         789  0.710381806    
         790  0.709455073    
         791  0.708343565    
         792  0.706806660    
         793  0.706445336    
         794  0.704997063    
         795  0.703765452    
         796  0.703794122    
         797  0.703469098    
         798  0.701766312    
         799  0.701791346    
         800  0.704409778    
         801  0.703813136    
         802  0.704144537    
         803  0.707019329    
         804  0.709884286    
         805  0.710437238    
         806  0.709465683    
         807  0.709981382    
         808  0.711759925    
         809  0.713490009    
         810  0.713840723    
         811  0.712740600    
         812  0.712611437    
         813  0.712389290    
         814  0.713321567    
         815  0.712607265    
         816  0.712190092    
         817  0.711595774    
         818  0.711283147    
         819  0.711933553    
         820  0.713844657    
         821  0.713710666    
         822  0.714839578    
         823  0.715689003    
         824  0.714372218    
         825  0.716871679    
         826  0.718035340    
         827  0.717761755    
         828  0.717485368    
         829  0.717296898    
         830  0.717297673    
         831  0.717081666    
         832  0.716814697    
         833  0.716035962    
         834  0.716906726    
         835  0.718853176    
         836  0.717465997    
         837  0.717851162    
         838  0.717631578    
         839  0.718237877    
         840  0.718751550    
         841  0.718621135    
         842  0.720161974    
         843  0.722278655    
         844  0.721844316    
         845  0.722489059    
         846  0.724129617    
         847  0.724727690    
         848  0.724846125    
         849  0.723824263    
         850  0.724014461    
         851  0.723266542    
         852  0.722981751    
         853  0.724868953    
         854  0.725553334    
         855  0.725852489    
         856  0.724440813    
         857  0.722996950    
         858  0.723711967    
         859  0.724328458    
         860  0.722948074    
         861  0.722531021    
         862  0.722304642    
         863  0.722575963    
         864  0.723500729    
         865  0.722848237    
         866  0.723343730    
         867  0.723622561    
         868  0.722789884    
         869  0.724909186    
         870  0.725214839    
         871  0.725680411    
         872  0.725680649    
         873  0.725610137    
         874  0.725340903    
         875  0.724783659    
         876  0.724401593    
         877  0.724791884    
         878  0.724889517    
         879  0.723633468    
         880  0.726407528    
         881  0.726893485    
         882  0.725443959    
         883  0.726588428    
         884  0.726616681    
         885  0.728755713    
         886  0.730273545    
         887  0.730193257    
         888  0.730939150    
         889  0.729011178    
         890  0.729039133    
         891  0.729037941    
         892  0.729605138    
         893  0.730700910    
         894  0.732103944    
         895  0.731685817    
         896  0.732070327    
         897  0.732921720    
         898  0.733117938    
         899  0.733249664    
         900  0.732753575    
         901  0.733580112    
         902  0.732944310    
         903  0.732649505    
         904  0.732179344    
         905  0.732664287    
         906  0.733269572    
         907  0.735192716    
         908  0.735819817    
         909  0.735182405    
         910  0.734940112    
         911  0.734696805    
         912  0.735898316    
         913  0.737849653    
         914  0.740908146    
         915  0.741166532    
         916  0.740294874    
         917  0.739330947    
         918  0.738216639    
         919  0.737859786    
         920  0.738440454    
         921  0.738320172    
         922  0.738918424    
         923  0.737660050    
         924  0.737743378    
         925  0.737849534    
         926  0.735899270    
         927  0.734984636    
         928  0.735456109    
         929  0.735213161    
         930  0.736149549    
         931  0.737712741    
         932  0.736493170    
         933  0.737853050    
         934  0.738723218    
         935  0.739901781    
         936  0.741367757    
         937  0.741541147    
         938  0.742011011    
         939  0.742903888    
         940  0.743829668    
         941  0.742755592    
         942  0.743362069    
         943  0.741387308    
         944  0.741152704    
         945  0.740858555    
         946  0.741262376    
         947  0.741946042    
         948  0.742642820    
         949  0.743154824    
         950  0.744079769    
         951  0.746188104    
         952  0.747393608    
         953  0.748073518    
         954  0.748961270    
         955  0.749907434    
         956  0.748607278    
         957  0.747804403    
         958  0.748487890    
         959  0.749416292    
         960  0.747321546    
         961  0.748049855    
         962  0.748203874    
         963  0.747626722    
         964  0.748341501    
         965  0.748336732    
         966  0.749008060    
         967  0.746959746    
         968  0.745403051    
         969  0.745255888    
         970  0.745984137    
         971  0.745801985    
         972  0.745876729    
         973  0.745359242    
         974  0.745545506    
         975  0.745511532    
         976  0.743547738    
         977  0.744931400    
         978  0.744619131    
         979  0.744697094    
         980  0.744591475    
         981  0.744117796    
         982  0.743170559    
         983  0.742971659    
         984  0.743397951    
         985  0.744553626    
         986  0.745971203    
         987  0.745012164    
         988  0.746305406    
         989  0.747531593    
         990  0.747222245    
         991  0.747135937    
         992  0.746837556    
         993  0.748614788    
         994  0.748298466    
         995  0.746723294    
         996  0.746665895    
         997  0.747380674    
         998  0.747860610    
         999  0.746811032    
        1000  0.746788681    
