           1  0.334596813    
           2  0.337557644    
           3  0.339765966    
           4  0.340223759    
           5  0.340422839    
           6  0.341869295    
           7  0.342508942    
           8  0.343576074    
           9  0.343373716    
          10  0.343699813    
          11  0.345601231    
          12  0.346930534    
          13  0.347406775    
          14  0.349395543    
          15  0.350631744    
          16  0.350752115    
          17  0.351674229    
          18  0.353661984    
          19  0.354377985    
          20  0.355143040    
          21  0.356167078    
          22  0.357169807    
          23  0.358227134    
          24  0.358092338    
          25  0.360962719    
          26  0.361943454    
          27  0.362101376    
          28  0.363290787    
          29  0.364562064    
          30  0.365029275    
          31  0.367190987    
          32  0.368197411    
          33  0.369795203    
          34  0.370051622    
          35  0.369978756    
          36  0.372188270    
          37  0.373303056    
          38  0.374640107    
          39  0.375721127    
          40  0.377413988    
          41  0.379450738    
          42  0.381123692    
          43  0.381365776    
          44  0.382040292    
          45  0.380735338    
          46  0.382653564    
          47  0.383881211    
          48  0.385362983    
          49  0.386111438    
          50  0.388630807    
          51  0.390723795    
          52  0.391795248    
          53  0.394168705    
          54  0.394600034    
          55  0.395080745    
          56  0.394909561    
          57  0.395903051    
          58  0.396835387    
          59  0.397574872    
          60  0.399315536    
          61  0.400729060    
          62  0.399361193    
          63  0.401150107    
          64  0.401733160    
          65  0.403764844    
          66  0.404520333    
          67  0.405299067    
          68  0.405855030    
          69  0.407720476    
          70  0.407300979    
          71  0.407812178    
          72  0.410324544    
          73  0.409885496    
          74  0.410746634    
          75  0.412547588    
          76  0.412193626    
          77  0.414118379    
          78  0.413733661    
          79  0.414294124    
          80  0.414984286    
          81  0.415654242    
          82  0.415440679    
          83  0.416357487    
          84  0.417640984    
          85  0.418520927    
          86  0.417170525    
          87  0.418420523    
          88  0.419974625    
          89  0.420836389    
          90  0.422741324    
          91  0.423038542    
          92  0.423741758    
          93  0.425261021    
          94  0.427138537    
          95  0.428269386    
          96  0.429945320    
          97  0.431117028    
          98  0.430842102    
          99  0.434166670    
         100  0.434213698    
         101  0.434387237    
         102  0.435664892    
         103  0.435454100    
         104  0.435377240    
         105  0.435586482    
         106  0.436924845    
         107  0.438140690    
         108  0.438819617    
         109  0.440441072    
         110  0.440412462    
         111  0.440176368    
         112  0.442693710    
         113  0.442934930    
         114  0.444434524    
         115  0.444152504    
         116  0.445189267    
         117  0.447408766    
         118  0.447863132    
         119  0.448015481    
         120  0.448754579    
         121  0.450608701    
         122  0.450838387    
         123  0.451802224    
         124  0.452689081    
         125  0.454845488    
         126  0.455190390    
         127  0.456212908    
         128  0.455149889    
         129  0.456580192    
         130  0.457732677    
         131  0.460953563    
         132  0.459930509    
         133  0.459956020    
         134  0.461805463    
         135  0.461655945    
         136  0.462882549    
         137  0.465082616    
         138  0.467194080    
         139  0.468201756    
         140  0.468656451    
         141  0.469100565    
         142  0.470108777    
         143  0.471060693    
         144  0.471685648    
         145  0.472660929    
         146  0.472616941    
         147  0.474723488    
         148  0.476110518    
         149  0.477231055    
         150  0.480312109    
         151  0.480949968    
         152  0.484153152    
         153  0.484808415    
         154  0.486789435    
         155  0.487344861    
         156  0.487245142    
         157  0.488264889    
         158  0.488175213    
         159  0.488100767    
         160  0.488829881    
         161  0.488724589    
         162  0.490086973    
         163  0.491028458    
         164  0.493328720    
         165  0.494616359    
         166  0.496037245    
         167  0.495508254    
         168  0.496458262    
         169  0.496327341    
         170  0.497161090    
         171  0.496851027    
         172  0.495896161    
         173  0.496863067    
         174  0.498044878    
         175  0.498696715    
         176  0.499831766    
         177  0.500539899    
         178  0.501293778    
         179  0.501731336    
         180  0.502007544    
         181  0.504495919    
         182  0.505664110    
         183  0.506524205    
         184  0.506842494    
         185  0.506874502    
         186  0.506580234    
         187  0.505249083    
         188  0.505619287    
         189  0.505534410    
         190  0.505977988    
         191  0.507726431    
         192  0.509709775    
         193  0.510412991    
         194  0.509490907    
         195  0.510813892    
         196  0.511589170    
         197  0.512827635    
         198  0.513279438    
         199  0.514530480    
         200  0.515941262    
         201  0.516392052    
         202  0.518310249    
         203  0.517677188    
         204  0.518500626    
         205  0.520482242    
         206  0.520016432    
         207  0.522555113    
         208  0.522157788    
         209  0.522396326    
         210  0.522062659    
         211  0.521342814    
         212  0.519530475    
         213  0.519209087    
         214  0.519607365    
         215  0.519770682    
         216  0.519232810    
         217  0.519170344    
         218  0.519923329    
         219  0.520734251    
         220  0.519958615    
         221  0.522451758    
         222  0.522303224    
         223  0.523967326    
         224  0.524467111    
         225  0.525643110    
         226  0.524802804    
         227  0.527554929    
         228  0.529485226    
         229  0.529438317    
         230  0.529354334    
         231  0.532012999    
         232  0.532893419    
         233  0.532392681    
         234  0.533646703    
         235  0.533104360    
         236  0.533335388    
         237  0.533889413    
         238  0.533132195    
         239  0.532627881    
         240  0.531672418    
         241  0.533404469    
         242  0.534419119    
         243  0.535167575    
         244  0.535432100    
         245  0.535926521    
         246  0.536251485    
         247  0.537139237    
         248  0.537891030    
         249  0.539651215    
         250  0.541004181    
         251  0.541473567    
         252  0.542438447    
         253  0.541899800    
         254  0.542480767    
         255  0.542895675    
         256  0.542010367    
         257  0.541680515    
         258  0.542656183    
         259  0.543564618    
         260  0.544943213    
         261  0.547448814    
         262  0.547971129    
         263  0.548365653    
         264  0.550436080    
         265  0.550082922    
         266  0.550079882    
         267  0.550384283    
         268  0.552461803    
         269  0.553044081    
         270  0.553988338    
         271  0.554899871    
         272  0.555025160    
         273  0.555172026    
         274  0.555559814    
         275  0.556874216    
         276  0.556161165    
         277  0.557555139    
         278  0.557929754    
         279  0.558640659    
         280  0.559969604    
         281  0.560759783    
         282  0.562850118    
         283  0.564406633    
         284  0.564222276    
         285  0.564375877    
         286  0.564524889    
         287  0.563244224    
         288  0.563337028    
         289  0.562937737    
         290  0.563721418    
         291  0.564396203    
         292  0.565960884    
         293  0.566899896    
         294  0.568342268    
         295  0.567396104    
         296  0.568698764    
         297  0.568171442    
         298  0.571728230    
         299  0.572938204    
         300  0.573348165    
         301  0.574543059    
         302  0.572022259    
         303  0.571231425    
         304  0.571534634    
         305  0.573110163    
         306  0.574168146    
         307  0.574653924    
         308  0.574839413    
         309  0.575407922    
         310  0.575517535    
         311  0.576936245    
         312  0.577485919    
         313  0.578328192    
         314  0.579584301    
         315  0.578315794    
         316  0.577565193    
         317  0.576764941    
         318  0.578858078    
         319  0.578113973    
         320  0.578624725    
         321  0.580577791    
         322  0.580935538    
         323  0.581632674    
         324  0.581108272    
         325  0.581034482    
         326  0.580222249    
         327  0.580259919    
         328  0.582284629    
         329  0.582145810    
         330  0.582286894    
         331  0.582152963    
         332  0.583996713    
         333  0.584337175    
         334  0.583824813    
         335  0.585427940    
         336  0.584991872    
         337  0.583901107    
         338  0.585778058    
         339  0.587092519    
         340  0.589720964    
         341  0.590614855    
         342  0.591210604    
         343  0.591424465    
         344  0.592445791    
         345  0.592508793    
         346  0.593801439    
         347  0.592937648    
         348  0.594873369    
         349  0.595910370    
         350  0.596805453    
         351  0.597131789    
         352  0.597860754    
         353  0.598788202    
         354  0.599093914    
         355  0.601716459    
         356  0.602542102    
         357  0.602775335    
         358  0.601889908    
         359  0.602375507    
         360  0.602474451    
         361  0.604078352    
         362  0.604719758    
         363  0.607097208    
         364  0.607569635    
         365  0.608199418    
         366  0.607777834    
         367  0.608000219    
         368  0.606570721    
         369  0.606144249    
         370  0.605832934    
         371  0.608146071    
         372  0.609107792    
         373  0.609808624    
         374  0.611828089    
         375  0.613563478    
         376  0.612988889    
         377  0.613226950    
         378  0.613823414    
         379  0.614381552    
         380  0.615418315    
         381  0.615419567    
         382  0.614149868    
         383  0.614578068    
         384  0.614878953    
         385  0.613534272    
         386  0.615671456    
         387  0.617058814    
         388  0.617807448    
         389  0.616234899    
         390  0.617080271    
         391  0.616277099    
         392  0.616463482    
         393  0.617196262    
         394  0.618601859    
         395  0.618693948    
         396  0.619371057    
         397  0.619696856    
         398  0.622506082    
         399  0.622506440    
         400  0.622154415    
         401  0.622143328    
         402  0.625452161    
         403  0.623916745    
         404  0.623950601    
         405  0.623476148    
         406  0.624209881    
         407  0.624518573    
         408  0.626261294    
         409  0.627520919    
         410  0.630591452    
         411  0.631985903    
         412  0.631556809    
         413  0.632692695    
         414  0.632359564    
         415  0.632801056    
         416  0.632920027    
         417  0.632313788    
         418  0.633526742    
         419  0.631529868    
         420  0.631732583    
         421  0.630408168    
         422  0.629398823    
         423  0.628110766    
         424  0.627948284    
         425  0.627942264    
         426  0.629542291    
         427  0.629686058    
         428  0.629975498    
         429  0.630822778    
         430  0.629806578    
         431  0.629210114    
         432  0.630661309    
         433  0.629574060    
         434  0.629301488    
         435  0.628488421    
         436  0.628043771    
         437  0.628080428    
         438  0.630287349    
         439  0.630382299    
         440  0.630903304    
         441  0.631266177    
         442  0.628768623    
         443  0.629427195    
         444  0.630101979    
         445  0.630970836    
         446  0.630335808    
         447  0.631808817    
         448  0.632404864    
         449  0.632484317    
         450  0.633037746    
         451  0.633647084    
         452  0.632889152    
         453  0.633025944    
         454  0.632226706    
         455  0.634144962    
         456  0.634072661    
         457  0.633681357    
         458  0.633361340    
         459  0.634307325    
         460  0.635063171    
         461  0.635452926    
         462  0.636849523    
         463  0.634453416    
         464  0.635017157    
         465  0.634921312    
         466  0.635467529    
         467  0.634235799    
         468  0.634013534    
         469  0.635047674    
         470  0.634051383    
         471  0.635014176    
         472  0.636158526    
         473  0.636355221    
         474  0.635455549    
         475  0.636485815    
         476  0.638064444    
         477  0.638749659    
         478  0.637856603    
         479  0.638026357    
         480  0.639155805    
         481  0.639550209    
         482  0.640102983    
         483  0.641443193    
         484  0.640300095    
         485  0.640427589    
         486  0.640995622    
         487  0.643421888    
         488  0.642676890    
         489  0.641106844    
         490  0.642363429    
         491  0.643154085    
         492  0.643464625    
         493  0.643182099    
         494  0.645858765    
         495  0.646322370    
         496  0.647270203    
         497  0.648277819    
         498  0.649158061    
         499  0.648950279    
         500  0.647172630    
         501  0.648523390    
         502  0.650938272    
         503  0.652977467    
         504  0.652486742    
         505  0.651585639    
         506  0.650170743    
         507  0.649959028    
         508  0.651310980    
         509  0.654093802    
         510  0.653929472    
         511  0.655811310    
         512  0.656881213    
         513  0.656256020    
         514  0.655833185    
         515  0.655458570    
         516  0.655405343    
         517  0.655921757    
         518  0.655058205    
         519  0.655817568    
         520  0.656953514    
         521  0.656843185    
         522  0.656143844    
         523  0.656279922    
         524  0.656225502    
         525  0.656569004    
         526  0.657109678    
         527  0.658263564    
         528  0.659151077    
         529  0.660317540    
         530  0.660927713    
         531  0.660564303    
         532  0.660144150    
         533  0.658377647    
         534  0.658263326    
         535  0.657874644    
         536  0.658347368    
         537  0.658780098    
         538  0.658114314    
         539  0.659064054    
         540  0.660092711    
         541  0.660632730    
         542  0.659599364    
         543  0.659453988    
         544  0.658363163    
         545  0.658536911    
         546  0.657831192    
         547  0.659006596    
         548  0.658709586    
         549  0.661385477    
         550  0.661920249    
         551  0.664618790    
         552  0.665666997    
         553  0.665867627    
         554  0.666105449    
         555  0.667516649    
         556  0.668981493    
         557  0.670411170    
         558  0.669342101    
         559  0.669157267    
         560  0.670345545    
         561  0.670902729    
         562  0.670902252    
         563  0.670193374    
         564  0.670422196    
         565  0.670841038    
         566  0.671247125    
         567  0.673468351    
         568  0.673465014    
         569  0.673050582    
         570  0.674774528    
         571  0.675459325    
         572  0.674239755    
         573  0.674094796    
         574  0.674243212    
         575  0.675335467    
         576  0.674562693    
         577  0.675765812    
         578  0.676421285    
         579  0.675270617    
         580  0.673910439    
         581  0.674698293    
         582  0.674922943    
         583  0.674756050    
         584  0.674265206    
         585  0.674400866    
         586  0.676026404    
         587  0.677376270    
         588  0.675116420    
         589  0.674497724    
         590  0.673195601    
         591  0.673548162    
         592  0.673848450    
         593  0.674121439    
         594  0.673133790    
         595  0.674249649    
         596  0.674041748    
         597  0.673687756    
         598  0.672173619    
         599  0.673538506    
         600  0.673657417    
         601  0.673707306    
         602  0.674076557    
         603  0.675081730    
         604  0.675633430    
         605  0.675094485    
         606  0.674220264    
         607  0.675276816    
         608  0.676672220    
         609  0.676049948    
         610  0.676018178    
         611  0.675802231    
         612  0.675365210    
         613  0.674906909    
         614  0.675075769    
         615  0.674633682    
         616  0.673458815    
         617  0.674137414    
         618  0.674646735    
         619  0.677326679    
         620  0.678923070    
         621  0.679909348    
         622  0.680798829    
         623  0.682605147    
         624  0.682249129    
         625  0.681751490    
         626  0.684517324    
         627  0.683995008    
         628  0.683223307    
         629  0.684046149    
         630  0.683962822    
         631  0.686220646    
         632  0.687861025    
         633  0.689794660    
         634  0.690044999    
         635  0.690269530    
         636  0.690766215    
         637  0.691542089    
         638  0.690625966    
         639  0.689569473    
         640  0.690365434    
         641  0.690633833    
         642  0.691730797    
         643  0.691373765    
         644  0.693070292    
         645  0.691876531    
         646  0.691870272    
         647  0.692530513    
         648  0.692045927    
         649  0.694277167    
         650  0.693792045    
         651  0.694425941    
         652  0.694497287    
         653  0.694407821    
         654  0.695530236    
         655  0.694604874    
         656  0.695203006    
         657  0.695635855    
         658  0.695076525    
         659  0.695785105    
         660  0.695101500    
         661  0.695166588    
         662  0.694841921    
         663  0.693324208    
         664  0.693720341    
         665  0.692888200    
         666  0.693726838    
         667  0.692899466    
         668  0.692497134    
         669  0.692872167    
         670  0.692175508    
         671  0.690680444    
         672  0.690968990    
         673  0.690982819    
         674  0.691590786    
         675  0.692549706    
         676  0.692164063    
         677  0.692443430    
         678  0.692391813    
         679  0.694573164    
         680  0.694648504    
         681  0.693519533    
         682  0.694786489    
         683  0.694277465    
         684  0.694602549    
         685  0.694263279    
         686  0.694659173    
         687  0.693178475    
         688  0.692672014    
         689  0.693476379    
         690  0.692845881    
         691  0.692851543    
         692  0.693434358    
         693  0.695834816    
         694  0.696591020    
         695  0.695572019    
         696  0.695809186    
         697  0.697252214    
         698  0.697722256    
         699  0.699150324    
         700  0.697992802    
         701  0.697419465    
         702  0.696675718    
         703  0.698109984    
         704  0.698825955    
         705  0.698605776    
         706  0.697546959    
         707  0.697717786    
         708  0.699187458    
         709  0.697807729    
         710  0.699333370    
         711  0.697963774    
         712  0.699540615    
         713  0.699738145    
         714  0.700658679    
         715  0.701956093    
         716  0.701623082    
         717  0.700821638    
         718  0.700152457    
         719  0.698921442    
         720  0.699552417    
         721  0.699399948    
         722  0.698109508    
         723  0.698246539    
         724  0.699525654    
         725  0.699458659    
         726  0.700101554    
         727  0.699321628    
         728  0.698512793    
         729  0.698425770    
         730  0.697839320    
         731  0.698053241    
         732  0.698183298    
         733  0.697678030    
         734  0.696296632    
         735  0.696121216    
         736  0.696281314    
         737  0.695267141    
         738  0.694170415    
         739  0.694360197    
         740  0.693426907    
         741  0.695268333    
         742  0.695870578    
         743  0.695500791    
         744  0.693425000    
         745  0.693212211    
         746  0.694871366    
         747  0.694500208    
         748  0.696659029    
         749  0.699958682    
         750  0.700892508    
         751  0.700881362    
         752  0.701479316    
         753  0.701551676    
         754  0.701152205    
         755  0.699909329    
         756  0.700031102    
         757  0.700342834    
         758  0.699868262    
         759  0.700414658    
         760  0.702056468    
         761  0.703082860    
         762  0.704132199    
         763  0.706939936    
         764  0.706085980    
         765  0.707328796    
         766  0.708176851    
         767  0.707151413    
         768  0.707711458    
         769  0.706509113    
         770  0.707848430    
         771  0.708298028    
         772  0.708024621    
         773  0.707960248    
         774  0.707905233    
         775  0.709659219    
         776  0.710826337    
         777  0.711180806    
         778  0.711487532    
         779  0.710838020    
         780  0.711801589    
         781  0.711928904    
         782  0.712570190    
         783  0.712275565    
         784  0.712562561    
         785  0.713165283    
         786  0.712928951    
         787  0.712202311    
         788  0.711342454    
         789  0.710968494    
         790  0.711391687    
         791  0.712232590    
         792  0.711288571    
         793  0.710036933    
         794  0.709635794    
         795  0.709216714    
         796  0.710612416    
         797  0.712181568    
         798  0.710795879    
         799  0.711292386    
         800  0.711716890    
         801  0.710743189    
         802  0.711900353    
         803  0.713843882    
         804  0.713852704    
         805  0.714829922    
         806  0.715146422    
         807  0.714352131    
         808  0.713910103    
         809  0.714812279    
         810  0.717201233    
         811  0.717627645    
         812  0.717401505    
         813  0.720272362    
         814  0.721781194    
         815  0.722096205    
         816  0.723092377    
         817  0.722295284    
         818  0.722933769    
         819  0.722840905    
         820  0.722518981    
         821  0.722566247    
         822  0.722636878    
         823  0.722499251    
         824  0.722897112    
         825  0.722861826    
         826  0.722900689    
         827  0.724912584    
         828  0.725782037    
         829  0.725416183    
         830  0.726454258    
         831  0.726275265    
         832  0.728308201    
         833  0.729675114    
         834  0.731810272    
         835  0.730038464    
         836  0.727922857    
         837  0.727899075    
         838  0.727867007    
         839  0.727343261    
         840  0.728354037    
         841  0.729002833    
         842  0.729367316    
         843  0.731235027    
         844  0.730876803    
         845  0.731137931    
         846  0.730591893    
         847  0.730903089    
         848  0.730336010    
         849  0.731234312    
         850  0.730562449    
         851  0.731412590    
         852  0.731303930    
         853  0.731182396    
         854  0.730522752    
         855  0.731703281    
         856  0.731689513    
         857  0.732081532    
         858  0.734809399    
         859  0.735437095    
         860  0.735482335    
         861  0.736288488    
         862  0.737494051    
         863  0.738631845    
         864  0.739045560    
         865  0.739732027    
         866  0.739411116    
         867  0.738595247    
         868  0.739537299    
         869  0.738888085    
         870  0.738692582    
         871  0.739336252    
         872  0.738933444    
         873  0.738830268    
         874  0.738325894    
         875  0.738089323    
         876  0.737797320    
         877  0.736871004    
         878  0.739125550    
         879  0.739895165    
         880  0.738666475    
         881  0.739389718    
         882  0.740322709    
         883  0.739823222    
         884  0.740868807    
         885  0.741042137    
         886  0.741529405    
         887  0.740854740    
         888  0.742023230    
         889  0.744389415    
         890  0.744174600    
         891  0.743837833    
         892  0.746377707    
         893  0.746240258    
         894  0.745268583    
         895  0.745427012    
         896  0.745858252    
         897  0.746827960    
         898  0.746030033    
         899  0.746171117    
         900  0.745814025    
         901  0.746729732    
         902  0.746705890    
         903  0.746067524    
         904  0.746108770    
         905  0.747559130    
         906  0.747026205    
         907  0.747013330    
         908  0.746008515    
         909  0.746237576    
         910  0.748442292    
         911  0.746136725    
         912  0.746631980    
         913  0.747168303    
         914  0.747406125    
         915  0.747703910    
         916  0.748345435    
         917  0.749801874    
         918  0.750472665    
         919  0.750350833    
         920  0.750019312    
         921  0.750212371    
         922  0.749005973    
         923  0.750137508    
         924  0.750099182    
         925  0.750694871    
         926  0.751524568    
         927  0.751339912    
         928  0.750177801    
         929  0.748873115    
         930  0.749263942    
         931  0.749003530    
         932  0.748306394    
         933  0.750368237    
         934  0.749541819    
         935  0.749701321    
         936  0.748208940    
         937  0.747920990    
         938  0.748157740    
         939  0.748671353    
         940  0.748637974    
         941  0.748942256    
         942  0.748197138    
         943  0.747825384    
         944  0.749238074    
         945  0.747365534    
         946  0.749557793    
         947  0.749443173    
         948  0.749794960    
         949  0.750553668    
         950  0.751894772    
         951  0.753386855    
         952  0.755376756    
         953  0.754248679    
         954  0.755409062    
         955  0.754741013    
         956  0.756099164    
         957  0.756041467    
         958  0.754536986    
         959  0.755316615    
         960  0.755681753    
         961  0.755433977    
         962  0.753851354    
         963  0.754034042    
         964  0.753613830    
         965  0.754443109    
         966  0.755224526    
         967  0.755635083    
         968  0.754354358    
         969  0.753322601    
         970  0.753216028    
         971  0.752909184    
         972  0.752515316    
         973  0.752700567    
         974  0.751562059    
         975  0.752536833    
         976  0.753719151    
         977  0.753731310    
         978  0.751904011    
         979  0.752446294    
         980  0.753356576    
         981  0.753613889    
         982  0.753003597    
         983  0.753308594    
         984  0.753087103    
         985  0.753328145    
         986  0.753719747    
         987  0.753223419    
         988  0.754236042    
         989  0.753356457    
         990  0.753644764    
         991  0.755443692    
         992  0.754787087    
         993  0.754673064    
         994  0.757138968    
         995  0.756650507    
         996  0.758668125    
         997  0.759467661    
         998  0.760281444    
         999  0.761585891    
        1000  0.762457728    
