           1  0.322411656    
           2  0.322990328    
           3  0.324978441    
           4  0.325868696    
           5  0.327565044    
           6  0.329075277    
           7  0.330033302    
           8  0.330986977    
           9  0.331726402    
          10  0.332788676    
          11  0.333623260    
          12  0.334889114    
          13  0.336946875    
          14  0.337467521    
          15  0.338960052    
          16  0.340352297    
          17  0.341337353    
          18  0.342791259    
          19  0.344031990    
          20  0.345614970    
          21  0.347024381    
          22  0.349022686    
          23  0.350689083    
          24  0.352620333    
          25  0.352510452    
          26  0.352948636    
          27  0.355106890    
          28  0.356267720    
          29  0.359139264    
          30  0.359888792    
          31  0.360589385    
          32  0.361018807    
          33  0.361066669    
          34  0.362138689    
          35  0.363703579    
          36  0.363408595    
          37  0.363972366    
          38  0.364548802    
          39  0.364143342    
          40  0.364970535    
          41  0.365525663    
          42  0.365409911    
          43  0.366470873    
          44  0.367781281    
          45  0.369049728    
          46  0.370372742    
          47  0.372680038    
          48  0.373939395    
          49  0.374855727    
          50  0.375836819    
          51  0.377886057    
          52  0.379158109    
          53  0.378717005    
          54  0.379117191    
          55  0.379733622    
          56  0.381525397    
          57  0.380882263    
          58  0.383088410    
          59  0.383920044    
          60  0.384983212    
          61  0.385614097    
          62  0.384720474    
          63  0.387138724    
          64  0.388600409    
          65  0.388650030    
          66  0.391088486    
          67  0.392339379    
          68  0.393244445    
          69  0.395455152    
          70  0.397540718    
          71  0.400250256    
          72  0.401823819    
          73  0.402607799    
          74  0.403273493    
          75  0.406047374    
          76  0.407055080    
          77  0.407677501    
          78  0.409264475    
          79  0.409557253    
          80  0.410583198    
          81  0.409663767    
          82  0.411194414    
          83  0.411562651    
          84  0.412663579    
          85  0.413558990    
          86  0.412669003    
          87  0.413583845    
          88  0.412441611    
          89  0.413131297    
          90  0.412408322    
          91  0.412297338    
          92  0.412361294    
          93  0.412705451    
          94  0.414365530    
          95  0.416364759    
          96  0.417163432    
          97  0.418328971    
          98  0.419384211    
          99  0.421640158    
         100  0.422413975    
         101  0.421975702    
         102  0.422847122    
         103  0.422232151    
         104  0.422178239    
         105  0.422242790    
         106  0.423273414    
         107  0.424187183    
         108  0.426336437    
         109  0.427521288    
         110  0.428018987    
         111  0.429097056    
         112  0.430691451    
         113  0.432279587    
         114  0.433602571    
         115  0.436321884    
         116  0.437610894    
         117  0.438334852    
         118  0.437447786    
         119  0.437744588    
         120  0.438248664    
         121  0.439046293    
         122  0.439465940    
         123  0.440697700    
         124  0.440820664    
         125  0.441073954    
         126  0.440715075    
         127  0.440741420    
         128  0.439919531    
         129  0.443022549    
         130  0.444209814    
         131  0.445692807    
         132  0.446754128    
         133  0.449702263    
         134  0.449345171    
         135  0.450847358    
         136  0.450063735    
         137  0.450497270    
         138  0.451056689    
         139  0.451474756    
         140  0.452054590    
         141  0.451529831    
         142  0.452834964    
         143  0.453922659    
         144  0.454772532    
         145  0.455721885    
         146  0.456194639    
         147  0.458279908    
         148  0.458325684    
         149  0.460184306    
         150  0.461558640    
         151  0.462416470    
         152  0.462329090    
         153  0.460565716    
         154  0.463151455    
         155  0.462579429    
         156  0.463502944    
         157  0.463833302    
         158  0.463565290    
         159  0.463670254    
         160  0.462783664    
         161  0.464956969    
         162  0.466215700    
         163  0.466069609    
         164  0.466930658    
         165  0.468046039    
         166  0.469020933    
         167  0.468979448    
         168  0.469463348    
         169  0.469730973    
         170  0.470536858    
         171  0.471707225    
         172  0.472024202    
         173  0.471708804    
         174  0.472765893    
         175  0.474157214    
         176  0.476255327    
         177  0.476540178    
         178  0.478596956    
         179  0.477930397    
         180  0.479772359    
         181  0.479787797    
         182  0.480437756    
         183  0.482861400    
         184  0.485645592    
         185  0.486432314    
         186  0.489304781    
         187  0.489071757    
         188  0.489336729    
         189  0.490200073    
         190  0.490242273    
         191  0.491839319    
         192  0.492806137    
         193  0.493704379    
         194  0.494291514    
         195  0.496102542    
         196  0.496961206    
         197  0.498326272    
         198  0.497277796    
         199  0.499822885    
         200  0.500161290    
         201  0.500309944    
         202  0.499952942    
         203  0.499703169    
         204  0.500611424    
         205  0.500309408    
         206  0.499650419    
         207  0.501522779    
         208  0.502219141    
         209  0.501344621    
         210  0.500508010    
         211  0.501250386    
         212  0.501286685    
         213  0.500785470    
         214  0.501419961    
         215  0.501738667    
         216  0.501495838    
         217  0.502707958    
         218  0.503316283    
         219  0.503831089    
         220  0.504176080    
         221  0.504360914    
         222  0.504297376    
         223  0.505243659    
         224  0.503479660    
         225  0.504958451    
         226  0.506030023    
         227  0.506332040    
         228  0.506846070    
         229  0.508185327    
         230  0.509573340    
         231  0.511864245    
         232  0.512815356    
         233  0.512042880    
         234  0.512037039    
         235  0.513779879    
         236  0.513010085    
         237  0.514561653    
         238  0.515373647    
         239  0.515781283    
         240  0.515286624    
         241  0.517173171    
         242  0.518477321    
         243  0.520758867    
         244  0.521090984    
         245  0.521116734    
         246  0.520334244    
         247  0.519906759    
         248  0.520432532    
         249  0.520361900    
         250  0.522567451    
         251  0.523277402    
         252  0.523342252    
         253  0.524629772    
         254  0.526148915    
         255  0.525724828    
         256  0.525890470    
         257  0.527754664    
         258  0.528021812    
         259  0.528893769    
         260  0.529929340    
         261  0.528999805    
         262  0.529181421    
         263  0.528887868    
         264  0.528408349    
         265  0.529516876    
         266  0.530587435    
         267  0.530599177    
         268  0.529964089    
         269  0.531192541    
         270  0.532257378    
         271  0.531822920    
         272  0.533191621    
         273  0.531982660    
         274  0.531818688    
         275  0.530231595    
         276  0.530805171    
         277  0.530172169    
         278  0.531539917    
         279  0.531963766    
         280  0.533330202    
         281  0.533519685    
         282  0.534860969    
         283  0.534621000    
         284  0.534997165    
         285  0.535777926    
         286  0.535229564    
         287  0.535179138    
         288  0.537602127    
         289  0.538915217    
         290  0.538806558    
         291  0.538801670    
         292  0.537647724    
         293  0.537632287    
         294  0.537500560    
         295  0.539072573    
         296  0.540692329    
         297  0.542009771    
         298  0.542002141    
         299  0.542301714    
         300  0.542580843    
         301  0.543924809    
         302  0.544724822    
         303  0.545752287    
         304  0.545688391    
         305  0.545371354    
         306  0.547025263    
         307  0.546959758    
         308  0.548915982    
         309  0.551166415    
         310  0.553233802    
         311  0.551986516    
         312  0.553092957    
         313  0.552240968    
         314  0.552874744    
         315  0.552941263    
         316  0.552589357    
         317  0.553229153    
         318  0.552532077    
         319  0.552602112    
         320  0.552529037    
         321  0.554031134    
         322  0.555700481    
         323  0.554946899    
         324  0.554415226    
         325  0.553958356    
         326  0.555889249    
         327  0.556856990    
         328  0.557073057    
         329  0.555963278    
         330  0.555063188    
         331  0.555786371    
         332  0.555856287    
         333  0.556247294    
         334  0.556500733    
         335  0.557471216    
         336  0.557288647    
         337  0.559495687    
         338  0.559253514    
         339  0.559906662    
         340  0.560752749    
         341  0.562216222    
         342  0.561435163    
         343  0.560790420    
         344  0.561538756    
         345  0.562249422    
         346  0.562108517    
         347  0.561684787    
         348  0.561738193    
         349  0.561424971    
         350  0.561742544    
         351  0.563841164    
         352  0.564057827    
         353  0.566275597    
         354  0.565716267    
         355  0.565429330    
         356  0.566060781    
         357  0.566301346    
         358  0.566697717    
         359  0.565923214    
         360  0.565443814    
         361  0.567305505    
         362  0.567057729    
         363  0.566036582    
         364  0.566398859    
         365  0.565194488    
         366  0.565851927    
         367  0.567755997    
         368  0.568154991    
         369  0.570415139    
         370  0.569128215    
         371  0.571534574    
         372  0.572721601    
         373  0.573784292    
         374  0.575829208    
         375  0.576170802    
         376  0.578313053    
         377  0.579677939    
         378  0.579840243    
         379  0.581849694    
         380  0.581675470    
         381  0.580896914    
         382  0.580057263    
         383  0.578989267    
         384  0.579957783    
         385  0.581269860    
         386  0.582490861    
         387  0.583118081    
         388  0.585336149    
         389  0.585920751    
         390  0.586222351    
         391  0.585420430    
         392  0.585483789    
         393  0.585656583    
         394  0.588211000    
         395  0.587656200    
         396  0.587511182    
         397  0.587836027    
         398  0.589033544    
         399  0.588211834    
         400  0.588121712    
         401  0.586421192    
         402  0.587203205    
         403  0.586887896    
         404  0.585790753    
         405  0.585040748    
         406  0.585130334    
         407  0.585291862    
         408  0.583318353    
         409  0.584547281    
         410  0.584839761    
         411  0.586471319    
         412  0.586840510    
         413  0.588402927    
         414  0.590387344    
         415  0.591656864    
         416  0.593217671    
         417  0.593810081    
         418  0.594805062    
         419  0.596447408    
         420  0.595758140    
         421  0.596483886    
         422  0.594951153    
         423  0.593433917    
         424  0.594857156    
         425  0.594327867    
         426  0.596261263    
         427  0.596242845    
         428  0.596095800    
         429  0.597306550    
         430  0.597949743    
         431  0.597720623    
         432  0.598829210    
         433  0.600127578    
         434  0.602030456    
         435  0.601081073    
         436  0.598802507    
         437  0.598894298    
         438  0.599201620    
         439  0.598757863    
         440  0.598909378    
         441  0.597901702    
         442  0.597816050    
         443  0.599692941    
         444  0.600506365    
         445  0.598803401    
         446  0.597248256    
         447  0.596187234    
         448  0.596586108    
         449  0.596040964    
         450  0.595393002    
         451  0.596454084    
         452  0.597581923    
         453  0.599714100    
         454  0.600103080    
         455  0.602175355    
         456  0.601910472    
         457  0.603512287    
         458  0.602429271    
         459  0.603332281    
         460  0.601717293    
         461  0.602133572    
         462  0.602486610    
         463  0.600958884    
         464  0.598962843    
         465  0.598908246    
         466  0.597756088    
         467  0.598215103    
         468  0.598294556    
         469  0.598234117    
         470  0.597836971    
         471  0.598658979    
         472  0.599523365    
         473  0.598969936    
         474  0.598732114    
         475  0.600800276    
         476  0.598822236    
         477  0.600562572    
         478  0.600376904    
         479  0.600588441    
         480  0.602024496    
         481  0.602501035    
         482  0.602083743    
         483  0.600350320    
         484  0.599547803    
         485  0.599387646    
         486  0.598980308    
         487  0.598650277    
         488  0.598403215    
         489  0.598915517    
         490  0.598865330    
         491  0.599780560    
         492  0.599213243    
         493  0.599105358    
         494  0.599149823    
         495  0.599849224    
         496  0.601536930    
         497  0.601344526    
         498  0.602882206    
         499  0.601926506    
         500  0.604498565    
         501  0.605952859    
         502  0.606505036    
         503  0.607134759    
         504  0.607705295    
         505  0.606718242    
         506  0.606935084    
         507  0.608550549    
         508  0.609050930    
         509  0.611285985    
         510  0.608912945    
         511  0.608817458    
         512  0.609556317    
         513  0.609324396    
         514  0.609462500    
         515  0.609915555    
         516  0.611102045    
         517  0.613011658    
         518  0.611970603    
         519  0.613043964    
         520  0.613886356    
         521  0.612871349    
         522  0.613669097    
         523  0.615529120    
         524  0.617625594    
         525  0.618303716    
         526  0.619955063    
         527  0.618581772    
         528  0.619547307    
         529  0.619937181    
         530  0.620396495    
         531  0.619721949    
         532  0.621468306    
         533  0.622068942    
         534  0.622247338    
         535  0.623704374    
         536  0.622206628    
         537  0.624593675    
         538  0.625518680    
         539  0.627707362    
         540  0.627877772    
         541  0.627617300    
         542  0.628958941    
         543  0.629159510    
         544  0.630321562    
         545  0.629616320    
         546  0.630621314    
         547  0.631549895    
         548  0.630533218    
         549  0.631657600    
         550  0.631610274    
         551  0.630785942    
         552  0.633532524    
         553  0.634662569    
         554  0.633583426    
         555  0.634090662    
         556  0.634256065    
         557  0.634632826    
         558  0.634206891    
         559  0.632737815    
         560  0.632643700    
         561  0.631892323    
         562  0.632703722    
         563  0.633441746    
         564  0.634914219    
         565  0.634949028    
         566  0.636984766    
         567  0.637182891    
         568  0.640286684    
         569  0.641947627    
         570  0.642881513    
         571  0.643952250    
         572  0.644503951    
         573  0.644034505    
         574  0.644999683    
         575  0.646799564    
         576  0.645966530    
         577  0.647027910    
         578  0.648114860    
         579  0.648304284    
         580  0.648215175    
         581  0.647911906    
         582  0.648631990    
         583  0.648001194    
         584  0.648042500    
         585  0.647947609    
         586  0.647418559    
         587  0.646472216    
         588  0.646241426    
         589  0.646593273    
         590  0.648397088    
         591  0.648442447    
         592  0.647076905    
         593  0.647033751    
         594  0.648220956    
         595  0.647930622    
         596  0.646997631    
         597  0.647348702    
         598  0.648647904    
         599  0.649213374    
         600  0.648995697    
         601  0.652399361    
         602  0.652710378    
         603  0.653509915    
         604  0.654513836    
         605  0.655967116    
         606  0.655857861    
         607  0.656944692    
         608  0.655761957    
         609  0.657873213    
         610  0.658554971    
         611  0.658568680    
         612  0.656828046    
         613  0.658139408    
         614  0.657566726    
         615  0.656249940    
         616  0.656606257    
         617  0.656801403    
         618  0.657577813    
         619  0.656913459    
         620  0.656124651    
         621  0.656856954    
         622  0.658164620    
         623  0.660153747    
         624  0.660243154    
         625  0.661344886    
         626  0.661152363    
         627  0.660953104    
         628  0.660569251    
         629  0.658868432    
         630  0.659698606    
         631  0.659493148    
         632  0.660445571    
         633  0.661956608    
         634  0.661819100    
         635  0.662779272    
         636  0.662792623    
         637  0.664429903    
         638  0.665776312    
         639  0.666094899    
         640  0.666380703    
         641  0.665850043    
         642  0.666240394    
         643  0.666834354    
         644  0.665459514    
         645  0.665884256    
         646  0.667094111    
         647  0.666832149    
         648  0.667367220    
         649  0.666650534    
         650  0.666270077    
         651  0.665922403    
         652  0.668276012    
         653  0.669398606    
         654  0.671243787    
         655  0.670597494    
         656  0.669987321    
         657  0.672565818    
         658  0.672738433    
         659  0.671315730    
         660  0.672009647    
         661  0.673279762    
         662  0.672190726    
         663  0.673184156    
         664  0.672609568    
         665  0.674872279    
         666  0.674795628    
         667  0.674259603    
         668  0.675122380    
         669  0.676053882    
         670  0.676536560    
         671  0.675705135    
         672  0.674652815    
         673  0.675548255    
         674  0.676253498    
         675  0.677101076    
         676  0.676267147    
         677  0.676296592    
         678  0.675075531    
         679  0.676233411    
         680  0.676299334    
         681  0.676032007    
         682  0.677929521    
         683  0.680468798    
         684  0.682069600    
         685  0.681618929    
         686  0.681856811    
         687  0.682931006    
         688  0.686767280    
         689  0.687120795    
         690  0.688467562    
         691  0.687947154    
         692  0.691180289    
         693  0.691138029    
         694  0.689435482    
         695  0.688301563    
         696  0.690376282    
         697  0.691831827    
         698  0.692795217    
         699  0.691378534    
         700  0.691056013    
         701  0.692020655    
         702  0.693665266    
         703  0.694742322    
         704  0.694641948    
         705  0.694644570    
         706  0.694160759    
         707  0.696159542    
         708  0.697786212    
         709  0.698470950    
         710  0.697439730    
         711  0.698638499    
         712  0.698896170    
         713  0.697638631    
         714  0.697987080    
         715  0.699062228    
         716  0.699405432    
         717  0.699701607    
         718  0.699591041    
         719  0.700464904    
         720  0.701496422    
         721  0.701853991    
         722  0.699956596    
         723  0.700035870    
         724  0.698677659    
         725  0.700386524    
         726  0.697828114    
         727  0.698100865    
         728  0.699034393    
         729  0.698305070    
         730  0.697145343    
         731  0.696278274    
         732  0.696251273    
         733  0.697654009    
         734  0.697371662    
         735  0.698890984    
         736  0.698008716    
         737  0.700236320    
         738  0.699625969    
         739  0.700146258    
         740  0.700825453    
         741  0.700915396    
         742  0.701028943    
         743  0.700109720    
         744  0.700839877    
         745  0.700692117    
         746  0.700016260    
         747  0.699377716    
         748  0.700656593    
         749  0.702973723    
         750  0.702732980    
         751  0.705946505    
         752  0.704683781    
         753  0.706017315    
         754  0.705639780    
         755  0.705357373    
         756  0.706294656    
         757  0.706152618    
         758  0.704417884    
         759  0.703522861    
         760  0.704558432    
         761  0.702877045    
         762  0.703977168    
         763  0.704542518    
         764  0.705113471    
         765  0.703421533    
         766  0.702063859    
         767  0.702817261    
         768  0.703082740    
         769  0.704037070    
         770  0.704028368    
         771  0.706178129    
         772  0.706371248    
         773  0.708095014    
         774  0.709466696    
         775  0.710351288    
         776  0.711524367    
         777  0.711348474    
         778  0.710127950    
         779  0.709298193    
         780  0.710703731    
         781  0.711435139    
         782  0.714016914    
         783  0.712428987    
         784  0.713883758    
         785  0.711983621    
         786  0.713197768    
         787  0.712931871    
         788  0.712684929    
         789  0.712014198    
         790  0.711390734    
         791  0.712693512    
         792  0.714297056    
         793  0.712767422    
         794  0.713323772    
         795  0.713585496    
         796  0.712863147    
         797  0.711779416    
         798  0.712064326    
         799  0.713013649    
         800  0.712596297    
         801  0.713495612    
         802  0.715658545    
         803  0.714498460    
         804  0.713487267    
         805  0.716551423    
         806  0.715984166    
         807  0.715350628    
         808  0.713811100    
         809  0.711864591    
         810  0.710594773    
         811  0.710586488    
         812  0.710905552    
         813  0.709555328    
         814  0.709401667    
         815  0.712610006    
         816  0.712176919    
         817  0.712047398    
         818  0.712726772    
         819  0.713033855    
         820  0.712357402    
         821  0.710266650    
         822  0.711701691    
         823  0.712301254    
         824  0.712431431    
         825  0.711735845    
         826  0.711414993    
         827  0.711773396    
         828  0.711435139    
         829  0.715391994    
         830  0.714682937    
         831  0.715604305    
         832  0.716299534    
         833  0.715643167    
         834  0.714820683    
         835  0.715354145    
         836  0.713512719    
         837  0.714629054    
         838  0.714254975    
         839  0.715215921    
         840  0.714550078    
         841  0.716475725    
         842  0.717478037    
         843  0.718442321    
         844  0.718883812    
         845  0.718559146    
         846  0.719488561    
         847  0.719620168    
         848  0.719486117    
         849  0.720734715    
         850  0.721914172    
         851  0.722690821    
         852  0.722489655    
         853  0.724009991    
         854  0.723341167    
         855  0.723208666    
         856  0.721735895    
         857  0.721671343    
         858  0.720262468    
         859  0.720857561    
         860  0.720694840    
         861  0.722775459    
         862  0.723328352    
         863  0.722696364    
         864  0.721998572    
         865  0.722886026    
         866  0.723918915    
         867  0.723786771    
         868  0.724448502    
         869  0.723533630    
         870  0.724402606    
         871  0.724580348    
         872  0.726394296    
         873  0.725716472    
         874  0.725737214    
         875  0.726785183    
         876  0.728533924    
         877  0.730142057    
         878  0.730026007    
         879  0.730013847    
         880  0.731647611    
         881  0.731087387    
         882  0.733051717    
         883  0.735888183    
         884  0.738486767    
         885  0.737818062    
         886  0.737367868    
         887  0.737086415    
         888  0.736141086    
         889  0.736509740    
         890  0.736794174    
         891  0.739171684    
         892  0.742316067    
         893  0.740493655    
         894  0.740390301    
         895  0.740792632    
         896  0.741874158    
         897  0.742077351    
         898  0.741791248    
         899  0.741527319    
         900  0.743039608    
         901  0.743008971    
         902  0.744488120    
         903  0.743067801    
         904  0.743393898    
         905  0.742912889    
         906  0.742167652    
         907  0.741578519    
         908  0.741886258    
         909  0.740721703    
         910  0.738760471    
         911  0.737639606    
         912  0.737693071    
         913  0.738370240    
         914  0.739769757    
         915  0.739412963    
         916  0.740708351    
         917  0.739971638    
         918  0.740872324    
         919  0.741331756    
         920  0.741483867    
         921  0.739542305    
         922  0.738263249    
         923  0.737411082    
         924  0.736725807    
         925  0.737151265    
         926  0.736581028    
         927  0.736176550    
         928  0.735290051    
         929  0.734615445    
         930  0.735059500    
         931  0.735298395    
         932  0.736189485    
         933  0.738101125    
         934  0.738029242    
         935  0.738217235    
         936  0.739253283    
         937  0.738903761    
         938  0.738268375    
         939  0.738582194    
         940  0.738887668    
         941  0.737749636    
         942  0.737848580    
         943  0.737858534    
         944  0.738308966    
         945  0.738279462    
         946  0.738683164    
         947  0.739521325    
         948  0.739209592    
         949  0.739258945    
         950  0.738829494    
         951  0.739243746    
         952  0.740556657    
         953  0.741905034    
         954  0.742292225    
         955  0.742242098    
         956  0.741739511    
         957  0.741116166    
         958  0.741606832    
         959  0.741323352    
         960  0.742662787    
         961  0.744597316    
         962  0.742723346    
         963  0.742575228    
         964  0.742340446    
         965  0.745044947    
         966  0.743816614    
         967  0.742979407    
         968  0.742877662    
         969  0.743015647    
         970  0.741396368    
         971  0.741896808    
         972  0.742272615    
         973  0.743683100    
         974  0.742273271    
         975  0.742811680    
         976  0.744878590    
         977  0.744919837    
         978  0.745389938    
         979  0.746047974    
         980  0.746257305    
         981  0.745718896    
         982  0.747138858    
         983  0.746789396    
         984  0.748331308    
         985  0.748926103    
         986  0.749179900    
         987  0.750529468    
         988  0.752214968    
         989  0.751804888    
         990  0.752148211    
         991  0.753070474    
         992  0.752074242    
         993  0.751319408    
         994  0.753038287    
         995  0.751872241    
         996  0.750883639    
         997  0.750734627    
         998  0.751449347    
         999  0.750643253    
        1000  0.751062870    
