           1  0.340183467    
           2  0.342674702    
           3  0.343123972    
           4  0.345787555    
           5  0.346231878    
           6  0.348451078    
           7  0.349566519    
           8  0.351984233    
           9  0.354708970    
          10  0.356859654    
          11  0.357703626    
          12  0.357840151    
          13  0.359231234    
          14  0.358838946    
          15  0.360194921    
          16  0.362301886    
          17  0.363109797    
          18  0.366074502    
          19  0.366249919    
          20  0.367200911    
          21  0.368634671    
          22  0.368874729    
          23  0.369103223    
          24  0.371108502    
          25  0.371381700    
          26  0.371726930    
          27  0.372485220    
          28  0.373592108    
          29  0.374747753    
          30  0.375927180    
          31  0.377579838    
          32  0.378039092    
          33  0.378618300    
          34  0.381564051    
          35  0.383956164    
          36  0.385663986    
          37  0.386336744    
          38  0.385832936    
          39  0.386177093    
          40  0.388287246    
          41  0.387927085    
          42  0.388301939    
          43  0.390779167    
          44  0.391176850    
          45  0.391398370    
          46  0.390996605    
          47  0.390224993    
          48  0.389850110    
          49  0.390561104    
          50  0.391685724    
          51  0.391668767    
          52  0.393865168    
          53  0.393896282    
          54  0.394544899    
          55  0.395359904    
          56  0.395657510    
          57  0.398093045    
          58  0.399145126    
          59  0.399409980    
          60  0.400415957    
          61  0.401997268    
          62  0.402201384    
          63  0.402825713    
          64  0.404401362    
          65  0.406087458    
          66  0.406648666    
          67  0.406787306    
          68  0.409722567    
          69  0.411476672    
          70  0.412340045    
          71  0.413264096    
          72  0.413944572    
          73  0.414978594    
          74  0.414415330    
          75  0.415126979    
          76  0.416562170    
          77  0.416638672    
          78  0.416271359    
          79  0.417801857    
          80  0.420047939    
          81  0.421869457    
          82  0.422459036    
          83  0.422334313    
          84  0.423515141    
          85  0.424946159    
          86  0.426697582    
          87  0.427007377    
          88  0.427742600    
          89  0.429291725    
          90  0.428739637    
          91  0.427616060    
          92  0.429144919    
          93  0.430366099    
          94  0.433110774    
          95  0.433952212    
          96  0.433322936    
          97  0.433558017    
          98  0.432754874    
          99  0.432946414    
         100  0.434437037    
         101  0.435702085    
         102  0.436597526    
         103  0.436862111    
         104  0.438490748    
         105  0.439176798    
         106  0.440869242    
         107  0.440665692    
         108  0.441027880    
         109  0.442251295    
         110  0.441688478    
         111  0.442184985    
         112  0.441929638    
         113  0.442070991    
         114  0.442936450    
         115  0.443646431    
         116  0.443618983    
         117  0.445584893    
         118  0.446651697    
         119  0.447435200    
         120  0.449184984    
         121  0.450228214    
         122  0.451627791    
         123  0.452391446    
         124  0.452760130    
         125  0.453217775    
         126  0.455954492    
         127  0.457382023    
         128  0.457947731    
         129  0.459723651    
         130  0.460704505    
         131  0.461910963    
         132  0.462413788    
         133  0.462522417    
         134  0.462950349    
         135  0.463090837    
         136  0.463912904    
         137  0.465069681    
         138  0.467941403    
         139  0.467195034    
         140  0.467353791    
         141  0.467840970    
         142  0.469622791    
         143  0.469313264    
         144  0.469675392    
         145  0.468924344    
         146  0.469805181    
         147  0.471245199    
         148  0.472846866    
         149  0.474534780    
         150  0.474572480    
         151  0.475941211    
         152  0.476814747    
         153  0.475239515    
         154  0.475796819    
         155  0.475608081    
         156  0.478077978    
         157  0.479144245    
         158  0.479431719    
         159  0.480181426    
         160  0.479582489    
         161  0.480534256    
         162  0.478776157    
         163  0.478546500    
         164  0.479675353    
         165  0.480862200    
         166  0.481723309    
         167  0.484028280    
         168  0.483876854    
         169  0.486210942    
         170  0.485141277    
         171  0.486878991    
         172  0.487305075    
         173  0.489561975    
         174  0.491007119    
         175  0.491499335    
         176  0.490874350    
         177  0.491110891    
         178  0.494076610    
         179  0.495114475    
         180  0.496151358    
         181  0.500039637    
         182  0.502074838    
         183  0.503552139    
         184  0.504235089    
         185  0.504450321    
         186  0.505059540    
         187  0.504998684    
         188  0.506694674    
         189  0.507513523    
         190  0.508543432    
         191  0.509790599    
         192  0.509280026    
         193  0.509330451    
         194  0.510722101    
         195  0.511603951    
         196  0.512636602    
         197  0.515760422    
         198  0.517569482    
         199  0.518076718    
         200  0.518792152    
         201  0.518929422    
         202  0.518298447    
         203  0.518636525    
         204  0.518811882    
         205  0.518201113    
         206  0.517698526    
         207  0.518912852    
         208  0.518605769    
         209  0.517953873    
         210  0.517046630    
         211  0.518155873    
         212  0.519548655    
         213  0.520594895    
         214  0.521720290    
         215  0.523793042    
         216  0.526489437    
         217  0.525862575    
         218  0.525257170    
         219  0.524442494    
         220  0.524592876    
         221  0.525769114    
         222  0.525413036    
         223  0.527226806    
         224  0.528210223    
         225  0.529957473    
         226  0.529659271    
         227  0.530345976    
         228  0.529993355    
         229  0.529487014    
         230  0.530806720    
         231  0.529871702    
         232  0.531659663    
         233  0.531705976    
         234  0.532198906    
         235  0.531558990    
         236  0.533084691    
         237  0.532883406    
         238  0.532114089    
         239  0.531943500    
         240  0.532046080    
         241  0.533674538    
         242  0.534422755    
         243  0.535546064    
         244  0.537538111    
         245  0.538054705    
         246  0.537880898    
         247  0.536813378    
         248  0.536831498    
         249  0.537484705    
         250  0.537285209    
         251  0.537532806    
         252  0.538183928    
         253  0.538050234    
         254  0.539010167    
         255  0.539359808    
         256  0.538460374    
         257  0.539056480    
         258  0.539393306    
         259  0.539284170    
         260  0.541421473    
         261  0.541391850    
         262  0.541190803    
         263  0.541636407    
         264  0.540609479    
         265  0.542664945    
         266  0.543175578    
         267  0.544437349    
         268  0.544605017    
         269  0.544645429    
         270  0.545412481    
         271  0.546400785    
         272  0.548193276    
         273  0.549444258    
         274  0.549603283    
         275  0.550343513    
         276  0.550224900    
         277  0.550816715    
         278  0.550400972    
         279  0.549674988    
         280  0.549694240    
         281  0.550403893    
         282  0.551851928    
         283  0.554590404    
         284  0.556311667    
         285  0.555669963    
         286  0.557369292    
         287  0.555853546    
         288  0.557114303    
         289  0.557576954    
         290  0.558819115    
         291  0.560579956    
         292  0.560712516    
         293  0.562059581    
         294  0.561085880    
         295  0.561449051    
         296  0.560815394    
         297  0.562462568    
         298  0.564357817    
         299  0.564858496    
         300  0.567371309    
         301  0.568211973    
         302  0.569997489    
         303  0.569155574    
         304  0.570273817    
         305  0.570764303    
         306  0.570303082    
         307  0.570934355    
         308  0.572629154    
         309  0.572554827    
         310  0.572536588    
         311  0.573182344    
         312  0.573105812    
         313  0.572838843    
         314  0.572862148    
         315  0.572338998    
         316  0.573236525    
         317  0.575790107    
         318  0.578882277    
         319  0.581121981    
         320  0.582819998    
         321  0.584142089    
         322  0.584168434    
         323  0.584979057    
         324  0.585308373    
         325  0.585359037    
         326  0.586731553    
         327  0.587465465    
         328  0.585665762    
         329  0.586059391    
         330  0.587472975    
         331  0.588792384    
         332  0.587708354    
         333  0.587316871    
         334  0.586130917    
         335  0.585976183    
         336  0.586566746    
         337  0.587772906    
         338  0.587007999    
         339  0.586872160    
         340  0.589471817    
         341  0.589409947    
         342  0.588516593    
         343  0.589189351    
         344  0.591738760    
         345  0.591732383    
         346  0.591678083    
         347  0.591801405    
         348  0.593449354    
         349  0.594681919    
         350  0.594481111    
         351  0.591861784    
         352  0.592860222    
         353  0.596233070    
         354  0.599241495    
         355  0.602342606    
         356  0.604298651    
         357  0.604720712    
         358  0.604844451    
         359  0.605383635    
         360  0.603839755    
         361  0.604945421    
         362  0.604949236    
         363  0.605271578    
         364  0.607019007    
         365  0.611592054    
         366  0.610544026    
         367  0.609155238    
         368  0.610057175    
         369  0.614145994    
         370  0.613967896    
         371  0.613982439    
         372  0.614547312    
         373  0.612942338    
         374  0.611840367    
         375  0.609283388    
         376  0.608429313    
         377  0.609791756    
         378  0.609485805    
         379  0.608935475    
         380  0.608836710    
         381  0.612284064    
         382  0.609797180    
         383  0.610876560    
         384  0.609932721    
         385  0.609209955    
         386  0.608993411    
         387  0.610398293    
         388  0.610286832    
         389  0.610392153    
         390  0.609684408    
         391  0.608942091    
         392  0.609442413    
         393  0.610805094    
         394  0.612947822    
         395  0.613781273    
         396  0.613707185    
         397  0.612609863    
         398  0.613162696    
         399  0.612592041    
         400  0.614185750    
         401  0.614392757    
         402  0.613487422    
         403  0.613104820    
         404  0.612936378    
         405  0.612508237    
         406  0.613980472    
         407  0.615045309    
         408  0.616494238    
         409  0.614799380    
         410  0.616333306    
         411  0.616825640    
         412  0.617401540    
         413  0.619714320    
         414  0.620287716    
         415  0.619943500    
         416  0.623988688    
         417  0.624689579    
         418  0.626100719    
         419  0.627902329    
         420  0.628703713    
         421  0.628663659    
         422  0.629365981    
         423  0.629232526    
         424  0.630210400    
         425  0.630133092    
         426  0.631345689    
         427  0.630412877    
         428  0.630280495    
         429  0.631270826    
         430  0.631660998    
         431  0.635121822    
         432  0.635803640    
         433  0.637871087    
         434  0.639207959    
         435  0.640168130    
         436  0.641291261    
         437  0.641855121    
         438  0.641427815    
         439  0.641062438    
         440  0.641132116    
         441  0.640762687    
         442  0.641357601    
         443  0.644734442    
         444  0.645185947    
         445  0.644470572    
         446  0.645924449    
         447  0.647898018    
         448  0.649991035    
         449  0.649655461    
         450  0.650320947    
         451  0.652658582    
         452  0.652123690    
         453  0.653421998    
         454  0.655945957    
         455  0.656693399    
         456  0.658254683    
         457  0.658779383    
         458  0.659961283    
         459  0.660949826    
         460  0.661048353    
         461  0.663186371    
         462  0.662690759    
         463  0.663156927    
         464  0.668919444    
         465  0.668951750    
         466  0.671558619    
         467  0.668272913    
         468  0.671405196    
         469  0.674044490    
         470  0.677698493    
         471  0.679037035    
         472  0.678461075    
         473  0.676600516    
         474  0.675773680    
         475  0.676119387    
         476  0.681403399    
         477  0.683251441    
         478  0.686244130    
         479  0.685417414    
         480  0.686583340    
         481  0.690589309    
         482  0.692080796    
         483  0.689870536    
         484  0.693345487    
         485  0.691311419    
         486  0.694873452    
         487  0.697615981    
         488  0.698244095    
         489  0.699387729    
         490  0.698607564    
         491  0.696831107    
         492  0.699236214    
         493  0.699595690    
         494  0.703357697    
         495  0.701780498    
         496  0.709582567    
         497  0.707304478    
         498  0.706580758    
         499  0.706911266    
         500  0.703479052    
         501  0.702958107    
         502  0.700901151    
         503  0.700312376    
         504  0.702157199    
         505  0.704845905    
         506  0.702507317    
         507  0.702510774    
         508  0.700286865    
         509  0.701466978    
         510  0.699804127    
         511  0.703026295    
         512  0.706147254    
         513  0.707028985    
         514  0.708232224    
         515  0.708237708    
         516  0.705316305    
         517  0.705597579    
         518  0.703108907    
         519  0.705506027    
         520  0.706507802    
         521  0.712458909    
         522  0.712813973    
         523  0.717811286    
         524  0.724492908    
         525  0.725445628    
         526  0.726163328    
         527  0.731681049    
         528  0.731052160    
         529  0.731638849    
         530  0.734188795    
         531  0.732037067    
         532  0.732428610    
         533  0.729824007    
         534  0.730728149    
         535  0.727881372    
         536  0.725436151    
         537  0.723417997    
         538  0.725333512    
         539  0.722454011    
         540  0.722793341    
         541  0.725078046    
         542  0.721980155    
         543  0.718651891    
         544  0.719212651    
         545  0.722431898    
         546  0.721231103    
         547  0.720972180    
         548  0.720997632    
         549  0.723424435    
         550  0.722591639    
         551  0.723194182    
         552  0.722896218    
         553  0.720719099    
         554  0.718150675    
         555  0.716576934    
         556  0.714533389    
         557  0.713672161    
         558  0.716323316    
         559  0.714857638    
         560  0.717346430    
         561  0.718304813    
         562  0.718028903    
         563  0.718101025    
         564  0.720614910    
         565  0.721933305    
         566  0.722783744    
         567  0.724933743    
         568  0.722918928    
         569  0.720531046    
         570  0.721934140    
         571  0.726628780    
         572  0.730661333    
         573  0.732410848    
         574  0.737677097    
         575  0.737616181    
         576  0.738331020    
         577  0.737827063    
         578  0.741257966    
         579  0.738978863    
         580  0.736664534    
         581  0.736705124    
         582  0.733962417    
         583  0.733631730    
         584  0.731344998    
         585  0.736324251    
         586  0.739339769    
         587  0.739536881    
         588  0.740706503    
         589  0.738492250    
         590  0.736271679    
         591  0.735112786    
         592  0.732679188    
         593  0.733289301    
         594  0.732152343    
         595  0.729781508    
         596  0.726994038    
         597  0.724668026    
         598  0.728889883    
         599  0.729036450    
         600  0.727452099    
         601  0.725396216    
         602  0.727415919    
         603  0.726378202    
         604  0.728384316    
         605  0.729625642    
         606  0.732693255    
         607  0.729956150    
         608  0.728686869    
         609  0.728502631    
         610  0.726486504    
         611  0.726705670    
         612  0.726329982    
         613  0.725133300    
         614  0.726566136    
         615  0.725864947    
         616  0.723750591    
         617  0.721775353    
         618  0.721209049    
         619  0.724391341    
         620  0.721826851    
         621  0.722375214    
         622  0.723327219    
         623  0.722184300    
         624  0.722443104    
         625  0.719815016    
         626  0.721479833    
         627  0.720530808    
         628  0.722517133    
         629  0.722962499    
         630  0.723665118    
         631  0.724588633    
         632  0.723408759    
         633  0.732458174    
         634  0.730907500    
         635  0.734233022    
         636  0.736775875    
         637  0.743607223    
         638  0.746422350    
         639  0.749415994    
         640  0.747431815    
         641  0.745579600    
         642  0.749082565    
         643  0.752727747    
         644  0.750703394    
         645  0.752836347    
         646  0.754145920    
         647  0.756741464    
         648  0.754622102    
         649  0.753313720    
         650  0.755417049    
         651  0.756035864    
         652  0.760831833    
         653  0.760346889    
         654  0.756848574    
         655  0.754421592    
         656  0.752615213    
         657  0.753211558    
         658  0.755381584    
         659  0.755260527    
         660  0.754706085    
         661  0.752398193    
         662  0.749305844    
         663  0.752457976    
         664  0.750286341    
         665  0.748174191    
         666  0.750623643    
         667  0.749068022    
         668  0.749102592    
         669  0.749350607    
         670  0.746369064    
         671  0.746423542    
         672  0.747173965    
         673  0.747538507    
         674  0.746937931    
         675  0.752036452    
         676  0.750979304    
         677  0.750634670    
         678  0.748019874    
         679  0.746072233    
         680  0.746218979    
         681  0.750104368    
         682  0.747510195    
         683  0.745002687    
         684  0.745396614    
         685  0.744326890    
         686  0.742466509    
         687  0.744290829    
         688  0.743453920    
         689  0.741360784    
         690  0.740116298    
         691  0.737703860    
         692  0.735866785    
         693  0.739193320    
         694  0.741608202    
         695  0.740304530    
         696  0.738135159    
         697  0.736540556    
         698  0.736227274    
         699  0.735209107    
         700  0.735173106    
         701  0.735686958    
         702  0.738226414    
         703  0.741410315    
         704  0.740476787    
         705  0.741947591    
         706  0.740079999    
         707  0.739776194    
         708  0.739185750    
         709  0.741699755    
         710  0.740821600    
         711  0.740960002    
         712  0.740877450    
         713  0.740683794    
         714  0.742095172    
         715  0.741257548    
         716  0.740737438    
         717  0.739244819    
         718  0.738096595    
         719  0.737992108    
         720  0.737951040    
         721  0.739340127    
         722  0.743533432    
         723  0.743431270    
         724  0.740723610    
         725  0.743417442    
         726  0.744652629    
         727  0.743285477    
         728  0.744563103    
         729  0.745753825    
         730  0.746691287    
         731  0.745119393    
         732  0.743820429    
         733  0.744329214    
         734  0.744436204    
         735  0.746800184    
         736  0.747529984    
         737  0.746121109    
         738  0.746041656    
         739  0.745038152    
         740  0.749634922    
         741  0.746843338    
         742  0.747415841    
         743  0.751737535    
         744  0.751718462    
         745  0.756481469    
         746  0.760624170    
         747  0.759427786    
         748  0.761369050    
         749  0.761237860    
         750  0.767269790    
         751  0.769362688    
         752  0.771182299    
         753  0.769648612    
         754  0.769578636    
         755  0.773232162    
         756  0.771569550    
         757  0.771132112    
         758  0.773782969    
         759  0.775579214    
         760  0.780734718    
         761  0.781733990    
         762  0.779604971    
         763  0.777547419    
         764  0.777270615    
         765  0.776734471    
         766  0.774661720    
         767  0.774323463    
         768  0.774445713    
         769  0.775077522    
         770  0.775192499    
         771  0.776601434    
         772  0.775210857    
         773  0.774337053    
         774  0.772364020    
         775  0.769934118    
         776  0.769790053    
         777  0.770800233    
         778  0.769031882    
         779  0.769566119    
         780  0.770422995    
         781  0.769259334    
         782  0.770323753    
         783  0.772027314    
         784  0.770481110    
         785  0.768650174    
         786  0.771532953    
         787  0.770133138    
         788  0.773618281    
         789  0.772560477    
         790  0.777074397    
         791  0.776881933    
         792  0.778276563    
         793  0.776684880    
         794  0.780562699    
         795  0.781497598    
         796  0.779927433    
         797  0.779342294    
         798  0.779899716    
         799  0.780621052    
         800  0.781336486    
         801  0.781879544    
         802  0.781211734    
         803  0.780295730    
         804  0.782638967    
         805  0.781083226    
         806  0.779318571    
         807  0.778860986    
         808  0.775558770    
         809  0.773914039    
         810  0.773977399    
         811  0.772873759    
         812  0.770978868    
         813  0.771362484    
         814  0.769400775    
         815  0.771707416    
         816  0.772731245    
         817  0.770721972    
         818  0.772308826    
         819  0.771165371    
         820  0.769424558    
         821  0.768680573    
         822  0.767865241    
         823  0.770150721    
         824  0.775148273    
         825  0.776106894    
         826  0.776315689    
         827  0.780700386    
         828  0.780531108    
         829  0.780366123    
         830  0.781330466    
         831  0.783493340    
         832  0.782176673    
         833  0.782607555    
         834  0.782984078    
         835  0.782182455    
         836  0.782623172    
         837  0.782657385    
         838  0.783009708    
         839  0.781693697    
         840  0.779665291    
         841  0.778802633    
         842  0.781439602    
         843  0.780655265    
         844  0.784924805    
         845  0.782445908    
         846  0.782214403    
         847  0.779694080    
         848  0.776801825    
         849  0.777214706    
         850  0.775089502    
         851  0.773428023    
         852  0.774032772    
         853  0.775474906    
         854  0.773064613    
         855  0.772821009    
         856  0.774073958    
         857  0.772289336    
         858  0.772202790    
         859  0.772792101    
         860  0.774833083    
         861  0.776559234    
         862  0.774519145    
         863  0.771976471    
         864  0.775881231    
         865  0.776654959    
         866  0.775432885    
         867  0.776164234    
         868  0.778990746    
         869  0.776338398    
         870  0.774414301    
         871  0.774311066    
         872  0.774157166    
         873  0.776406467    
         874  0.776823103    
         875  0.774692059    
         876  0.782052934    
         877  0.779989958    
         878  0.784229994    
         879  0.785652757    
         880  0.785361588    
         881  0.784741104    
         882  0.782610238    
         883  0.780993879    
         884  0.778966963    
         885  0.779716253    
         886  0.778104305    
         887  0.777541161    
         888  0.777251482    
         889  0.777529240    
         890  0.777679861    
         891  0.776304185    
         892  0.775995731    
         893  0.779012978    
         894  0.777097464    
         895  0.778214931    
         896  0.777905941    
         897  0.775934637    
         898  0.774259150    
         899  0.772969365    
         900  0.772848845    
         901  0.773329556    
         902  0.771695077    
         903  0.772054851    
         904  0.774719417    
         905  0.774493992    
         906  0.775262892    
         907  0.773648143    
         908  0.779983938    
         909  0.777973711    
         910  0.781276703    
         911  0.780617416    
         912  0.781119347    
         913  0.779423296    
         914  0.780337870    
         915  0.778663278    
         916  0.777972221    
         917  0.777851939    
         918  0.779921710    
         919  0.778562248    
         920  0.779971182    
         921  0.781781793    
         922  0.782400548    
         923  0.785797536    
         924  0.786419809    
         925  0.787122190    
         926  0.787591994    
         927  0.785362899    
         928  0.786801279    
         929  0.788246751    
         930  0.788125098    
         931  0.786499202    
         932  0.789750814    
         933  0.790744305    
         934  0.791469932    
         935  0.789858162    
         936  0.788898528    
         937  0.788824260    
         938  0.789707303    
         939  0.794667661    
         940  0.792744398    
         941  0.795572281    
         942  0.796067595    
         943  0.796995878    
         944  0.800496995    
         945  0.800586402    
         946  0.798470318    
         947  0.796546817    
         948  0.795997858    
         949  0.794162273    
         950  0.800095379    
         951  0.799659014    
         952  0.801700354    
         953  0.799702406    
         954  0.799554944    
         955  0.798004389    
         956  0.797023416    
         957  0.796146989    
         958  0.794513404    
         959  0.793178618    
         960  0.792899966    
         961  0.790292144    
         962  0.788074493    
         963  0.788863361    
         964  0.789624274    
         965  0.791968644    
         966  0.791030884    
         967  0.791787744    
         968  0.790675521    
         969  0.788229406    
         970  0.787720203    
         971  0.789136231    
         972  0.793385029    
         973  0.791914701    
         974  0.789929032    
         975  0.791473448    
         976  0.792958856    
         977  0.792944074    
         978  0.791061819    
         979  0.789179444    
         980  0.788824558    
         981  0.789112508    
         982  0.786769807    
         983  0.787300706    
         984  0.785517037    
         985  0.785436988    
         986  0.785418034    
         987  0.788109124    
         988  0.788709044    
         989  0.787163734    
         990  0.791025460    
         991  0.791120768    
         992  0.790004551    
         993  0.793737710    
         994  0.791634083    
         995  0.790875733    
         996  0.791435778    
         997  0.791414440    
         998  0.791689098    
         999  0.791003942    
        1000  0.792103112    
