           1  0.329487205    
           2  0.330910593    
           3  0.334218472    
           4  0.334792644    
           5  0.335728288    
           6  0.338172287    
           7  0.339060634    
           8  0.340570301    
           9  0.342353284    
          10  0.343534380    
          11  0.345882207    
          12  0.347250521    
          13  0.349419236    
          14  0.350063115    
          15  0.350849926    
          16  0.352173179    
          17  0.352956176    
          18  0.355212718    
          19  0.355052799    
          20  0.355954111    
          21  0.356625795    
          22  0.356620222    
          23  0.357313126    
          24  0.359514147    
          25  0.360344559    
          26  0.362559170    
          27  0.362493545    
          28  0.363736004    
          29  0.364086807    
          30  0.365998358    
          31  0.367805600    
          32  0.370259076    
          33  0.370906234    
          34  0.372350633    
          35  0.374027759    
          36  0.375284195    
          37  0.375958025    
          38  0.376977742    
          39  0.379237384    
          40  0.378816724    
          41  0.379129738    
          42  0.378658503    
          43  0.380526543    
          44  0.381364048    
          45  0.381473035    
          46  0.382950485    
          47  0.384693742    
          48  0.384744108    
          49  0.385246456    
          50  0.384758681    
          51  0.385703057    
          52  0.386531025    
          53  0.388212949    
          54  0.388683647    
          55  0.389237225    
          56  0.390217096    
          57  0.392635912    
          58  0.393768370    
          59  0.394999027    
          60  0.396038115    
          61  0.396842867    
          62  0.397328645    
          63  0.399400324    
          64  0.399515390    
          65  0.400330722    
          66  0.400404632    
          67  0.400986016    
          68  0.402621448    
          69  0.405112803    
          70  0.405363858    
          71  0.406866908    
          72  0.407993287    
          73  0.410036832    
          74  0.411946028    
          75  0.412545770    
          76  0.411839575    
          77  0.411484927    
          78  0.412323475    
          79  0.413040549    
          80  0.413836241    
          81  0.414810717    
          82  0.417314380    
          83  0.418863147    
          84  0.419312358    
          85  0.419948995    
          86  0.419848502    
          87  0.422005802    
          88  0.423115551    
          89  0.425403744    
          90  0.427657634    
          91  0.427982509    
          92  0.427492410    
          93  0.426884204    
          94  0.429897606    
          95  0.430729359    
          96  0.430272162    
          97  0.431606144    
          98  0.431247532    
          99  0.431262523    
         100  0.431609780    
         101  0.432285726    
         102  0.433720261    
         103  0.434887737    
         104  0.435209990    
         105  0.435993850    
         106  0.436247379    
         107  0.437580824    
         108  0.438299626    
         109  0.439922988    
         110  0.440114290    
         111  0.441893756    
         112  0.444601834    
         113  0.444391906    
         114  0.446411282    
         115  0.449123383    
         116  0.449704051    
         117  0.451610416    
         118  0.453525811    
         119  0.452991366    
         120  0.453409135    
         121  0.451946318    
         122  0.452397883    
         123  0.453477234    
         124  0.454075515    
         125  0.452852309    
         126  0.451566726    
         127  0.452451527    
         128  0.453189969    
         129  0.455036193    
         130  0.457561702    
         131  0.459917456    
         132  0.461291939    
         133  0.461076111    
         134  0.461905509    
         135  0.462052196    
         136  0.462512165    
         137  0.465025693    
         138  0.463941425    
         139  0.466368914    
         140  0.465627223    
         141  0.466542482    
         142  0.468751937    
         143  0.468178749    
         144  0.469965667    
         145  0.469952613    
         146  0.471522629    
         147  0.471382827    
         148  0.470577866    
         149  0.469906956    
         150  0.470472932    
         151  0.470606804    
         152  0.471335888    
         153  0.471835375    
         154  0.474569798    
         155  0.476811528    
         156  0.477136016    
         157  0.478429109    
         158  0.478043288    
         159  0.479122102    
         160  0.481994867    
         161  0.482090443    
         162  0.483556330    
         163  0.485531956    
         164  0.486593306    
         165  0.485410869    
         166  0.486603200    
         167  0.486089110    
         168  0.487544686    
         169  0.487393677    
         170  0.488498211    
         171  0.489301324    
         172  0.489108860    
         173  0.491271079    
         174  0.490907878    
         175  0.489999682    
         176  0.490545452    
         177  0.491184622    
         178  0.489937514    
         179  0.491477937    
         180  0.491999060    
         181  0.491999030    
         182  0.492546827    
         183  0.493378282    
         184  0.494427860    
         185  0.494327426    
         186  0.494603872    
         187  0.495356321    
         188  0.495970577    
         189  0.497727931    
         190  0.498334616    
         191  0.497948289    
         192  0.497362375    
         193  0.497435689    
         194  0.497867435    
         195  0.499385059    
         196  0.500113428    
         197  0.501130700    
         198  0.501632392    
         199  0.502262771    
         200  0.502344966    
         201  0.502157331    
         202  0.504041195    
         203  0.504247785    
         204  0.504814267    
         205  0.505678773    
         206  0.505788922    
         207  0.503820240    
         208  0.505706012    
         209  0.504715085    
         210  0.505872965    
         211  0.504628837    
         212  0.504387498    
         213  0.505315721    
         214  0.506662667    
         215  0.506273985    
         216  0.505877554    
         217  0.506171823    
         218  0.506905437    
         219  0.507394910    
         220  0.509402752    
         221  0.510510743    
         222  0.510576427    
         223  0.512956321    
         224  0.513188422    
         225  0.515616000    
         226  0.518553555    
         227  0.518551886    
         228  0.517830312    
         229  0.518896043    
         230  0.520904899    
         231  0.522551060    
         232  0.523424327    
         233  0.524909735    
         234  0.526284575    
         235  0.525582314    
         236  0.525438726    
         237  0.526008189    
         238  0.526987314    
         239  0.527591884    
         240  0.528519273    
         241  0.529506981    
         242  0.528898716    
         243  0.529481888    
         244  0.530528247    
         245  0.531760752    
         246  0.532973409    
         247  0.531839788    
         248  0.533071876    
         249  0.533774793    
         250  0.533871830    
         251  0.535502076    
         252  0.536092758    
         253  0.535484374    
         254  0.536265731    
         255  0.538603008    
         256  0.538502634    
         257  0.540595293    
         258  0.541965127    
         259  0.543998241    
         260  0.543194830    
         261  0.545138001    
         262  0.547253549    
         263  0.547734678    
         264  0.546858251    
         265  0.545637369    
         266  0.547721505    
         267  0.548053741    
         268  0.549822628    
         269  0.550213099    
         270  0.549507439    
         271  0.551170051    
         272  0.550094903    
         273  0.551806569    
         274  0.551413774    
         275  0.551163077    
         276  0.551424623    
         277  0.552992761    
         278  0.552390516    
         279  0.551086605    
         280  0.550892711    
         281  0.551688671    
         282  0.552974880    
         283  0.551300883    
         284  0.553023756    
         285  0.553257704    
         286  0.552275002    
         287  0.551546514    
         288  0.552432120    
         289  0.551187634    
         290  0.551864386    
         291  0.550963163    
         292  0.553317249    
         293  0.554070890    
         294  0.558385432    
         295  0.557958066    
         296  0.557314157    
         297  0.558017433    
         298  0.559533000    
         299  0.560433567    
         300  0.562313199    
         301  0.559356749    
         302  0.560403287    
         303  0.560978830    
         304  0.560235798    
         305  0.559596002    
         306  0.559004664    
         307  0.560197592    
         308  0.559565902    
         309  0.559349775    
         310  0.559461117    
         311  0.559864223    
         312  0.561445534    
         313  0.562123537    
         314  0.563652158    
         315  0.564497411    
         316  0.564810932    
         317  0.564449131    
         318  0.564531386    
         319  0.565432489    
         320  0.565792918    
         321  0.566639125    
         322  0.566724479    
         323  0.566734374    
         324  0.567092538    
         325  0.565828562    
         326  0.567346871    
         327  0.567910790    
         328  0.570207179    
         329  0.571049511    
         330  0.569996834    
         331  0.568201423    
         332  0.570197880    
         333  0.570082903    
         334  0.570165277    
         335  0.572508574    
         336  0.572491109    
         337  0.574016631    
         338  0.573609531    
         339  0.573068857    
         340  0.572356462    
         341  0.572242856    
         342  0.573369920    
         343  0.573917091    
         344  0.574794173    
         345  0.575509369    
         346  0.574573040    
         347  0.575968742    
         348  0.576783299    
         349  0.576770663    
         350  0.576654911    
         351  0.578374803    
         352  0.578188777    
         353  0.577872336    
         354  0.577913821    
         355  0.577255666    
         356  0.577463806    
         357  0.578341365    
         358  0.581554353    
         359  0.580973983    
         360  0.581803977    
         361  0.581324697    
         362  0.581712961    
         363  0.581183076    
         364  0.580864906    
         365  0.580864251    
         366  0.581973553    
         367  0.582909942    
         368  0.583290458    
         369  0.583426356    
         370  0.582331419    
         371  0.582525432    
         372  0.582986653    
         373  0.582918644    
         374  0.583790660    
         375  0.582991660    
         376  0.584634542    
         377  0.584454775    
         378  0.584180713    
         379  0.585085213    
         380  0.584050715    
         381  0.584461987    
         382  0.584705114    
         383  0.585754156    
         384  0.586289942    
         385  0.585628033    
         386  0.585352242    
         387  0.585620522    
         388  0.586632490    
         389  0.586984575    
         390  0.588209093    
         391  0.588609278    
         392  0.588958740    
         393  0.588497639    
         394  0.589117050    
         395  0.589974344    
         396  0.591264546    
         397  0.592592418    
         398  0.593326449    
         399  0.592385173    
         400  0.592804074    
         401  0.592851937    
         402  0.592236578    
         403  0.592241585    
         404  0.591210246    
         405  0.591014922    
         406  0.590530396    
         407  0.592049718    
         408  0.592841506    
         409  0.592021644    
         410  0.592334628    
         411  0.592691958    
         412  0.594544053    
         413  0.596689880    
         414  0.596845686    
         415  0.596736550    
         416  0.597419739    
         417  0.598994911    
         418  0.599677324    
         419  0.599441886    
         420  0.599389791    
         421  0.599007905    
         422  0.597060978    
         423  0.598237634    
         424  0.599476516    
         425  0.599793911    
         426  0.601196408    
         427  0.603180945    
         428  0.602776885    
         429  0.603366137    
         430  0.604905188    
         431  0.605084479    
         432  0.604592681    
         433  0.605660200    
         434  0.607042015    
         435  0.606608510    
         436  0.606298029    
         437  0.608124495    
         438  0.611065388    
         439  0.610891998    
         440  0.609902143    
         441  0.608786643    
         442  0.610292435    
         443  0.609775126    
         444  0.610443592    
         445  0.611894667    
         446  0.611816525    
         447  0.612498224    
         448  0.613064051    
         449  0.613213539    
         450  0.612802744    
         451  0.614529252    
         452  0.614903152    
         453  0.613889456    
         454  0.614701748    
         455  0.615964890    
         456  0.615876555    
         457  0.616237521    
         458  0.617859066    
         459  0.619091272    
         460  0.618585825    
         461  0.619532704    
         462  0.619225681    
         463  0.618169725    
         464  0.620980978    
         465  0.622151315    
         466  0.620694458    
         467  0.620655119    
         468  0.620222688    
         469  0.619825959    
         470  0.620451689    
         471  0.620379627    
         472  0.622206986    
         473  0.622214973    
         474  0.623528957    
         475  0.622979760    
         476  0.624652028    
         477  0.625392258    
         478  0.624436736    
         479  0.624046206    
         480  0.622683167    
         481  0.623558462    
         482  0.623292089    
         483  0.624468565    
         484  0.624694169    
         485  0.624033332    
         486  0.625596404    
         487  0.625605583    
         488  0.626170695    
         489  0.627019346    
         490  0.628174722    
         491  0.628574014    
         492  0.627903402    
         493  0.629632115    
         494  0.630216181    
         495  0.632043302    
         496  0.633004785    
         497  0.632419109    
         498  0.632896364    
         499  0.632387102    
         500  0.632513702    
         501  0.632296145    
         502  0.632622540    
         503  0.633723795    
         504  0.634461880    
         505  0.635531306    
         506  0.636409104    
         507  0.635815978    
         508  0.636372566    
         509  0.635388970    
         510  0.634451985    
         511  0.635570765    
         512  0.635777116    
         513  0.636170447    
         514  0.637302577    
         515  0.638074994    
         516  0.638068497    
         517  0.638501763    
         518  0.637154222    
         519  0.638285160    
         520  0.637499154    
         521  0.638678730    
         522  0.639079154    
         523  0.639163256    
         524  0.639501870    
         525  0.639570594    
         526  0.639847457    
         527  0.641579032    
         528  0.641440392    
         529  0.643761396    
         530  0.643009603    
         531  0.644866884    
         532  0.644060552    
         533  0.645648003    
         534  0.646982491    
         535  0.646977842    
         536  0.646259010    
         537  0.646141708    
         538  0.646677732    
         539  0.647042036    
         540  0.648320913    
         541  0.647852123    
         542  0.647394717    
         543  0.647919536    
         544  0.649172306    
         545  0.649628758    
         546  0.651264191    
         547  0.650805593    
         548  0.651245415    
         549  0.651471615    
         550  0.651294172    
         551  0.651683271    
         552  0.653026640    
         553  0.654511869    
         554  0.653777480    
         555  0.654135466    
         556  0.654805839    
         557  0.655546308    
         558  0.656985104    
         559  0.656605721    
         560  0.656684399    
         561  0.658113599    
         562  0.657123625    
         563  0.657559454    
         564  0.656480610    
         565  0.656854689    
         566  0.657615721    
         567  0.658957303    
         568  0.660825253    
         569  0.661481142    
         570  0.660696745    
         571  0.662084341    
         572  0.661957800    
         573  0.665829122    
         574  0.665992260    
         575  0.666430175    
         576  0.667527199    
         577  0.666778564    
         578  0.665931046    
         579  0.666710556    
         580  0.667149663    
         581  0.668111324    
         582  0.669054449    
         583  0.669380009    
         584  0.669613063    
         585  0.669680476    
         586  0.671699643    
         587  0.673002720    
         588  0.673993349    
         589  0.675002396    
         590  0.675700009    
         591  0.674460888    
         592  0.675368905    
         593  0.675080538    
         594  0.675961137    
         595  0.677874863    
         596  0.677507877    
         597  0.676573217    
         598  0.677712083    
         599  0.677979767    
         600  0.680417657    
         601  0.681151092    
         602  0.683673501    
         603  0.682798147    
         604  0.685157418    
         605  0.683824122    
         606  0.683714509    
         607  0.683251679    
         608  0.683737993    
         609  0.682636976    
         610  0.682387233    
         611  0.683009624    
         612  0.684487343    
         613  0.685239494    
         614  0.685859859    
         615  0.685564578    
         616  0.687192082    
         617  0.687717080    
         618  0.688123345    
         619  0.687149405    
         620  0.687440872    
         621  0.689447343    
         622  0.689322412    
         623  0.691349268    
         624  0.692244887    
         625  0.691122353    
         626  0.691745460    
         627  0.691372693    
         628  0.691908121    
         629  0.691929460    
         630  0.691710532    
         631  0.690744519    
         632  0.690699279    
         633  0.692101002    
         634  0.692288816    
         635  0.691813946    
         636  0.693043351    
         637  0.693876445    
         638  0.695302486    
         639  0.695935369    
         640  0.696588278    
         641  0.697557926    
         642  0.698142529    
         643  0.697993279    
         644  0.697646797    
         645  0.697288930    
         646  0.698032320    
         647  0.696871936    
         648  0.698151827    
         649  0.696336269    
         650  0.696839631    
         651  0.696968734    
         652  0.696124315    
         653  0.697141945    
         654  0.696234107    
         655  0.696713388    
         656  0.698245764    
         657  0.698934376    
         658  0.700925410    
         659  0.702529907    
         660  0.701992512    
         661  0.701253355    
         662  0.701610327    
         663  0.700519323    
         664  0.699753523    
         665  0.699846208    
         666  0.701138079    
         667  0.702079833    
         668  0.702845991    
         669  0.703455389    
         670  0.703735232    
         671  0.703700781    
         672  0.703307629    
         673  0.703560114    
         674  0.704380274    
         675  0.704591691    
         676  0.702937126    
         677  0.702648759    
         678  0.701502621    
         679  0.701800346    
         680  0.701669037    
         681  0.701379776    
         682  0.700779676    
         683  0.701033711    
         684  0.701125085    
         685  0.701458573    
         686  0.701331735    
         687  0.701333106    
         688  0.700408399    
         689  0.700246334    
         690  0.701105177    
         691  0.702477455    
         692  0.702129364    
         693  0.702341616    
         694  0.704205453    
         695  0.705879867    
         696  0.705872893    
         697  0.706939697    
         698  0.707523406    
         699  0.706072330    
         700  0.705624402    
         701  0.704471290    
         702  0.704786181    
         703  0.704044640    
         704  0.703142583    
         705  0.702459395    
         706  0.701381803    
         707  0.702643394    
         708  0.703110695    
         709  0.704759121    
         710  0.704897046    
         711  0.705753207    
         712  0.704681277    
         713  0.704971254    
         714  0.704308927    
         715  0.706639409    
         716  0.708228409    
         717  0.707767963    
         718  0.708480060    
         719  0.709852457    
         720  0.710724711    
         721  0.711938202    
         722  0.711650372    
         723  0.710943222    
         724  0.712146401    
         725  0.712757230    
         726  0.713769913    
         727  0.713580608    
         728  0.712552428    
         729  0.713142872    
         730  0.713433504    
         731  0.713401973    
         732  0.713533223    
         733  0.713567317    
         734  0.714183629    
         735  0.712776363    
         736  0.713360012    
         737  0.713801324    
         738  0.714622259    
         739  0.715970457    
         740  0.716929018    
         741  0.717235982    
         742  0.716577888    
         743  0.715691566    
         744  0.716272235    
         745  0.715574086    
         746  0.715624154    
         747  0.716121018    
         748  0.716667533    
         749  0.717624784    
         750  0.718722820    
         751  0.719839096    
         752  0.720365047    
         753  0.721763253    
         754  0.722232163    
         755  0.720056236    
         756  0.719137669    
         757  0.719607055    
         758  0.719603479    
         759  0.718464613    
         760  0.719824493    
         761  0.721258640    
         762  0.721596003    
         763  0.721622109    
         764  0.722038746    
         765  0.722671688    
         766  0.724333048    
         767  0.725249827    
         768  0.727144182    
         769  0.727106929    
         770  0.726746678    
         771  0.727709353    
         772  0.728361547    
         773  0.729202688    
         774  0.730712652    
         775  0.729480803    
         776  0.730379224    
         777  0.728574038    
         778  0.728556573    
         779  0.727091372    
         780  0.727602780    
         781  0.727831244    
         782  0.727466762    
         783  0.726467848    
         784  0.726953804    
         785  0.727669716    
         786  0.727379084    
         787  0.728745401    
         788  0.727955759    
         789  0.727858484    
         790  0.727749944    
         791  0.727176368    
         792  0.727758408    
         793  0.727164388    
         794  0.727452576    
         795  0.728083491    
         796  0.728346825    
         797  0.729337335    
         798  0.731408536    
         799  0.731975794    
         800  0.731869936    
         801  0.731217325    
         802  0.729803979    
         803  0.729549527    
         804  0.729926288    
         805  0.729878008    
         806  0.729270935    
         807  0.728929102    
         808  0.730722785    
         809  0.730444312    
         810  0.730806828    
         811  0.730485380    
         812  0.731866896    
         813  0.732347429    
         814  0.730688691    
         815  0.732131898    
         816  0.732408106    
         817  0.730285466    
         818  0.730167687    
         819  0.730432212    
         820  0.731112421    
         821  0.731478989    
         822  0.732242286    
         823  0.731620073    
         824  0.730273008    
         825  0.729960561    
         826  0.730394363    
         827  0.731470466    
         828  0.729905486    
         829  0.731378734    
         830  0.732850671    
         831  0.734210253    
         832  0.735054851    
         833  0.734421194    
         834  0.734040678    
         835  0.733799636    
         836  0.733863473    
         837  0.733917356    
         838  0.734165370    
         839  0.735447347    
         840  0.736069441    
         841  0.735274553    
         842  0.734874785    
         843  0.734170675    
         844  0.735033810    
         845  0.735671461    
         846  0.736153543    
         847  0.735825717    
         848  0.735135317    
         849  0.735091329    
         850  0.734861374    
         851  0.735546291    
         852  0.736199141    
         853  0.737346411    
         854  0.736664951    
         855  0.735833108    
         856  0.736446261    
         857  0.736925125    
         858  0.737130046    
         859  0.736608028    
         860  0.735882938    
         861  0.735787690    
         862  0.737202764    
         863  0.736731708    
         864  0.735505581    
         865  0.738964736    
         866  0.741142690    
         867  0.742195785    
         868  0.742462456    
         869  0.743299305    
         870  0.741527021    
         871  0.742262542    
         872  0.744991362    
         873  0.744248986    
         874  0.744729221    
         875  0.745358884    
         876  0.744979560    
         877  0.744491637    
         878  0.745336890    
         879  0.745515168    
         880  0.745445073    
         881  0.746073782    
         882  0.744188845    
         883  0.746429384    
         884  0.746034622    
         885  0.745920241    
         886  0.744865060    
         887  0.745027125    
         888  0.745496154    
         889  0.744043827    
         890  0.744681776    
         891  0.745373130    
         892  0.747252047    
         893  0.746906698    
         894  0.747043371    
         895  0.747921824    
         896  0.746526539    
         897  0.747807622    
         898  0.748658359    
         899  0.749879003    
         900  0.750216901    
         901  0.751435220    
         902  0.752504349    
         903  0.751897812    
         904  0.752372801    
         905  0.753636539    
         906  0.754922211    
         907  0.755889356    
         908  0.756851912    
         909  0.757776380    
         910  0.756019413    
         911  0.756968021    
         912  0.760222614    
         913  0.760230780    
         914  0.762420595    
         915  0.763323426    
         916  0.763471603    
         917  0.762851000    
         918  0.763646126    
         919  0.763138711    
         920  0.764398634    
         921  0.765368998    
         922  0.762504756    
         923  0.763065577    
         924  0.763812780    
         925  0.765083432    
         926  0.763654411    
         927  0.762457371    
         928  0.762116492    
         929  0.761273921    
         930  0.759903133    
         931  0.759058535    
         932  0.758462012    
         933  0.760602415    
         934  0.759172142    
         935  0.759228110    
         936  0.758490682    
         937  0.759330630    
         938  0.762079775    
         939  0.762433529    
         940  0.764177084    
         941  0.763713360    
         942  0.765268564    
         943  0.765209556    
         944  0.763955176    
         945  0.763141870    
         946  0.762783885    
         947  0.762921035    
         948  0.763444781    
         949  0.762503684    
         950  0.762301266    
         951  0.762161255    
         952  0.762370467    
         953  0.762089372    
         954  0.761823416    
         955  0.760052979    
         956  0.761370540    
         957  0.759927094    
         958  0.761745155    
         959  0.760685921    
         960  0.761605024    
         961  0.760986865    
         962  0.760872245    
         963  0.761111081    
         964  0.761449397    
         965  0.764533162    
         966  0.763728380    
         967  0.764149845    
         968  0.764358103    
         969  0.766064644    
         970  0.767288387    
         971  0.768315375    
         972  0.768172264    
         973  0.769587517    
         974  0.770439148    
         975  0.770594835    
         976  0.770881891    
         977  0.774818063    
         978  0.774983048    
         979  0.774245143    
         980  0.775071740    
         981  0.776089609    
         982  0.776349247    
         983  0.777158737    
         984  0.778292179    
         985  0.776790380    
         986  0.776788712    
         987  0.775603592    
         988  0.774962068    
         989  0.773986340    
         990  0.774692893    
         991  0.773842990    
         992  0.772958696    
         993  0.773281276    
         994  0.772584379    
         995  0.771882594    
         996  0.771660089    
         997  0.770652413    
         998  0.770588398    
         999  0.770422995    
        1000  0.769989848    
