           1  0.348833531    
           2  0.350938529    
           3  0.351926118    
           4  0.353071153    
           5  0.355046630    
           6  0.356908023    
           7  0.358856916    
           8  0.358448714    
           9  0.359374642    
          10  0.360889375    
          11  0.362241983    
          12  0.363637835    
          13  0.364070266    
          14  0.365907282    
          15  0.366867423    
          16  0.366927773    
          17  0.370100766    
          18  0.370800823    
          19  0.371984273    
          20  0.373510122    
          21  0.375033796    
          22  0.375625342    
          23  0.378230900    
          24  0.379346877    
          25  0.379813045    
          26  0.382210046    
          27  0.383068055    
          28  0.383702457    
          29  0.382788807    
          30  0.383701265    
          31  0.385253578    
          32  0.385151714    
          33  0.384921253    
          34  0.384793162    
          35  0.386804104    
          36  0.386628002    
          37  0.387435585    
          38  0.387286156    
          39  0.388970882    
          40  0.390705854    
          41  0.391370028    
          42  0.392595291    
          43  0.392957062    
          44  0.393772870    
          45  0.392811239    
          46  0.393167555    
          47  0.392787576    
          48  0.393160462    
          49  0.395013332    
          50  0.395361006    
          51  0.395315468    
          52  0.396036923    
          53  0.396661520    
          54  0.398002982    
          55  0.398420930    
          56  0.397860318    
          57  0.399047017    
          58  0.399611235    
          59  0.399861932    
          60  0.400601566    
          61  0.400895298    
          62  0.400737673    
          63  0.401234180    
          64  0.401317328    
          65  0.401116401    
          66  0.402321607    
          67  0.401722074    
          68  0.403255314    
          69  0.404155880    
          70  0.405675769    
          71  0.406982034    
          72  0.408074021    
          73  0.409292251    
          74  0.409038156    
          75  0.409459025    
          76  0.410020560    
          77  0.411940604    
          78  0.414132625    
          79  0.414412290    
          80  0.415206909    
          81  0.416145116    
          82  0.417875141    
          83  0.419398010    
          84  0.420164347    
          85  0.420687586    
          86  0.421497554    
          87  0.422902673    
          88  0.423731297    
          89  0.424506128    
          90  0.425168425    
          91  0.426072121    
          92  0.426495165    
          93  0.428065985    
          94  0.429386258    
          95  0.429880142    
          96  0.430026978    
          97  0.431101263    
          98  0.432962060    
          99  0.434318423    
         100  0.436182797    
         101  0.436965108    
         102  0.437736750    
         103  0.439224631    
         104  0.439972728    
         105  0.440409482    
         106  0.441304564    
         107  0.442678303    
         108  0.443094820    
         109  0.444420964    
         110  0.444271684    
         111  0.445554256    
         112  0.447005749    
         113  0.446356773    
         114  0.446731806    
         115  0.449715585    
         116  0.452359617    
         117  0.454010159    
         118  0.454370320    
         119  0.454422623    
         120  0.454226673    
         121  0.458089918    
         122  0.460324734    
         123  0.461157918    
         124  0.461541116    
         125  0.459926784    
         126  0.460744292    
         127  0.462325364    
         128  0.463121325    
         129  0.464336514    
         130  0.464369237    
         131  0.464292616    
         132  0.464434892    
         133  0.465445518    
         134  0.465030611    
         135  0.465648651    
         136  0.467422128    
         137  0.467427850    
         138  0.469468206    
         139  0.469708979    
         140  0.469982445    
         141  0.471950144    
         142  0.473001093    
         143  0.471875727    
         144  0.473260105    
         145  0.474405169    
         146  0.476467222    
         147  0.477560908    
         148  0.478402317    
         149  0.478947610    
         150  0.479610354    
         151  0.479461610    
         152  0.481051087    
         153  0.481913805    
         154  0.482177377    
         155  0.482893854    
         156  0.483127147    
         157  0.482780844    
         158  0.483929873    
         159  0.484227836    
         160  0.484813660    
         161  0.485168725    
         162  0.485817730    
         163  0.487566203    
         164  0.488739699    
         165  0.488762379    
         166  0.490549177    
         167  0.490313828    
         168  0.491397768    
         169  0.492211312    
         170  0.493012577    
         171  0.493404508    
         172  0.496825308    
         173  0.496522218    
         174  0.497577846    
         175  0.498431951    
         176  0.498576313    
         177  0.499072433    
         178  0.499838889    
         179  0.500290334    
         180  0.501291394    
         181  0.502806842    
         182  0.503616929    
         183  0.504565477    
         184  0.504450440    
         185  0.504845798    
         186  0.507063866    
         187  0.506973565    
         188  0.506810427    
         189  0.509245992    
         190  0.510153830    
         191  0.508709013    
         192  0.509198546    
         193  0.510048091    
         194  0.511243045    
         195  0.510338604    
         196  0.510495245    
         197  0.511655688    
         198  0.512285829    
         199  0.513994098    
         200  0.514865339    
         201  0.515437305    
         202  0.516824186    
         203  0.516439319    
         204  0.516725600    
         205  0.516488910    
         206  0.518273056    
         207  0.517359018    
         208  0.518237650    
         209  0.520998120    
         210  0.523543656    
         211  0.524829626    
         212  0.525290906    
         213  0.524295092    
         214  0.526983798    
         215  0.525756001    
         216  0.525560379    
         217  0.526604950    
         218  0.526659131    
         219  0.527353048    
         220  0.530496895    
         221  0.531190634    
         222  0.531236172    
         223  0.530630708    
         224  0.531923473    
         225  0.530554712    
         226  0.533031166    
         227  0.532058418    
         228  0.531900108    
         229  0.532006800    
         230  0.534450591    
         231  0.534483492    
         232  0.534312904    
         233  0.534139514    
         234  0.533378243    
         235  0.536022246    
         236  0.536207259    
         237  0.538622499    
         238  0.541066349    
         239  0.540357292    
         240  0.540577173    
         241  0.542620480    
         242  0.542651176    
         243  0.539906919    
         244  0.538683355    
         245  0.541176200    
         246  0.541854978    
         247  0.542816401    
         248  0.542440414    
         249  0.544012368    
         250  0.545435846    
         251  0.545311093    
         252  0.545518875    
         253  0.546663702    
         254  0.547861874    
         255  0.548557043    
         256  0.548841357    
         257  0.548743665    
         258  0.548275590    
         259  0.547869384    
         260  0.548817635    
         261  0.549309015    
         262  0.549626112    
         263  0.550912619    
         264  0.550504565    
         265  0.551208973    
         266  0.551540911    
         267  0.553891301    
         268  0.554200292    
         269  0.554319859    
         270  0.555070519    
         271  0.556442201    
         272  0.557095468    
         273  0.555092871    
         274  0.556451023    
         275  0.556673765    
         276  0.556235850    
         277  0.557377398    
         278  0.560051501    
         279  0.559215724    
         280  0.560053468    
         281  0.562105179    
         282  0.562298775    
         283  0.561752558    
         284  0.561757922    
         285  0.561448634    
         286  0.562277436    
         287  0.561718404    
         288  0.562061369    
         289  0.563938797    
         290  0.564366162    
         291  0.564800203    
         292  0.567064047    
         293  0.569724321    
         294  0.570003867    
         295  0.570208490    
         296  0.570712149    
         297  0.571696937    
         298  0.570784628    
         299  0.569411993    
         300  0.568539321    
         301  0.568633795    
         302  0.568296611    
         303  0.567014754    
         304  0.568035960    
         305  0.567752719    
         306  0.567520201    
         307  0.567467272    
         308  0.567459881    
         309  0.566242218    
         310  0.566991150    
         311  0.567137778    
         312  0.566859007    
         313  0.566887796    
         314  0.569130480    
         315  0.571493387    
         316  0.571707189    
         317  0.570941389    
         318  0.571001709    
         319  0.573838472    
         320  0.571664453    
         321  0.570606172    
         322  0.569758117    
         323  0.569902003    
         324  0.571257889    
         325  0.570923626    
         326  0.571741402    
         327  0.571825922    
         328  0.570257485    
         329  0.570661664    
         330  0.571734905    
         331  0.574072659    
         332  0.575015068    
         333  0.575306654    
         334  0.575797915    
         335  0.574492157    
         336  0.573815882    
         337  0.574593604    
         338  0.574347258    
         339  0.575915337    
         340  0.576678157    
         341  0.578450918    
         342  0.580429316    
         343  0.581520200    
         344  0.582570314    
         345  0.582621574    
         346  0.582779765    
         347  0.582859159    
         348  0.583203018    
         349  0.584033370    
         350  0.584254801    
         351  0.584945619    
         352  0.586431682    
         353  0.587540984    
         354  0.587175071    
         355  0.586010933    
         356  0.587038279    
         357  0.588330269    
         358  0.586809874    
         359  0.587317705    
         360  0.587043822    
         361  0.586202919    
         362  0.586529493    
         363  0.589651346    
         364  0.591371477    
         365  0.593447804    
         366  0.594872415    
         367  0.595936596    
         368  0.596985042    
         369  0.598062575    
         370  0.598088384    
         371  0.597975135    
         372  0.598437488    
         373  0.599104226    
         374  0.600659132    
         375  0.599595010    
         376  0.599926054    
         377  0.598757207    
         378  0.599028885    
         379  0.598351061    
         380  0.599873781    
         381  0.601119757    
         382  0.600295901    
         383  0.603277445    
         384  0.603152215    
         385  0.604061067    
         386  0.606019139    
         387  0.605307758    
         388  0.606695771    
         389  0.607546747    
         390  0.609663725    
         391  0.610538900    
         392  0.610175610    
         393  0.608770490    
         394  0.608522475    
         395  0.608038127    
         396  0.608324826    
         397  0.610335767    
         398  0.611872554    
         399  0.612374902    
         400  0.610921562    
         401  0.610228479    
         402  0.610002935    
         403  0.608299136    
         404  0.607805431    
         405  0.609053135    
         406  0.609844267    
         407  0.609246135    
         408  0.610964298    
         409  0.610958040    
         410  0.612560213    
         411  0.613418937    
         412  0.613416731    
         413  0.613289356    
         414  0.613407075    
         415  0.613903940    
         416  0.614727259    
         417  0.616075695    
         418  0.616488278    
         419  0.615360439    
         420  0.613730252    
         421  0.614270866    
         422  0.616958976    
         423  0.616679132    
         424  0.618351936    
         425  0.617468655    
         426  0.618162453    
         427  0.619132042    
         428  0.618911266    
         429  0.617989302    
         430  0.619720638    
         431  0.621326804    
         432  0.620824814    
         433  0.622464120    
         434  0.622442186    
         435  0.621544540    
         436  0.621651709    
         437  0.621302783    
         438  0.621393561    
         439  0.620769322    
         440  0.620108843    
         441  0.622961164    
         442  0.623839259    
         443  0.622856796    
         444  0.621807694    
         445  0.621768177    
         446  0.622679710    
         447  0.624102414    
         448  0.623670220    
         449  0.624110579    
         450  0.624492645    
         451  0.626416624    
         452  0.624607623    
         453  0.624757349    
         454  0.625992060    
         455  0.625623941    
         456  0.626823366    
         457  0.629465044    
         458  0.627727389    
         459  0.628795743    
         460  0.626921117    
         461  0.627032518    
         462  0.628442705    
         463  0.628632843    
         464  0.629416049    
         465  0.628931344    
         466  0.630634427    
         467  0.630577803    
         468  0.630452096    
         469  0.631676257    
         470  0.632105708    
         471  0.636909366    
         472  0.637356102    
         473  0.638158858    
         474  0.638501763    
         475  0.638199389    
         476  0.636954129    
         477  0.637490094    
         478  0.637425423    
         479  0.638708770    
         480  0.637161791    
         481  0.637188256    
         482  0.637384593    
         483  0.638858795    
         484  0.637876213    
         485  0.639432073    
         486  0.644200623    
         487  0.645432174    
         488  0.647906423    
         489  0.646770895    
         490  0.648221314    
         491  0.649835646    
         492  0.650106549    
         493  0.648798287    
         494  0.647766888    
         495  0.646200597    
         496  0.645791769    
         497  0.647942066    
         498  0.646182656    
         499  0.645795584    
         500  0.646243155    
         501  0.649325490    
         502  0.649032116    
         503  0.646728098    
         504  0.648505807    
         505  0.649067581    
         506  0.647916734    
         507  0.648265779    
         508  0.647662520    
         509  0.648198426    
         510  0.647448182    
         511  0.647186160    
         512  0.646965384    
         513  0.647788763    
         514  0.651034236    
         515  0.652376711    
         516  0.650875866    
         517  0.650654674    
         518  0.651788533    
         519  0.652725935    
         520  0.655041277    
         521  0.655044556    
         522  0.653160036    
         523  0.652115405    
         524  0.652419388    
         525  0.652371526    
         526  0.652515471    
         527  0.652457714    
         528  0.654459417    
         529  0.651408434    
         530  0.650982976    
         531  0.650739312    
         532  0.651764274    
         533  0.651157200    
         534  0.650227964    
         535  0.650879264    
         536  0.649627507    
         537  0.651746452    
         538  0.650920630    
         539  0.650578737    
         540  0.653103769    
         541  0.655944705    
         542  0.655584633    
         543  0.657088876    
         544  0.658116400    
         545  0.658572793    
         546  0.659356952    
         547  0.662482977    
         548  0.661719143    
         549  0.666207969    
         550  0.667104125    
         551  0.668411493    
         552  0.668153226    
         553  0.669191837    
         554  0.669814885    
         555  0.669885635    
         556  0.671644330    
         557  0.669751883    
         558  0.670747459    
         559  0.672361791    
         560  0.674033999    
         561  0.672439873    
         562  0.672052264    
         563  0.671363056    
         564  0.670337558    
         565  0.671026528    
         566  0.671099365    
         567  0.669592321    
         568  0.671590686    
         569  0.672299147    
         570  0.671940625    
         571  0.672872901    
         572  0.672394037    
         573  0.671951413    
         574  0.671356201    
         575  0.673400760    
         576  0.674898088    
         577  0.674666941    
         578  0.673102498    
         579  0.673744380    
         580  0.673047125    
         581  0.676148415    
         582  0.675604999    
         583  0.676053464    
         584  0.677505672    
         585  0.675329328    
         586  0.676188588    
         587  0.676692426    
         588  0.676836014    
         589  0.678773165    
         590  0.679089546    
         591  0.679811358    
         592  0.683291972    
         593  0.685160279    
         594  0.684774578    
         595  0.687265217    
         596  0.687616646    
         597  0.687552512    
         598  0.687335014    
         599  0.685063720    
         600  0.685958147    
         601  0.685648322    
         602  0.689408243    
         603  0.689895391    
         604  0.690016031    
         605  0.689731896    
         606  0.688158095    
         607  0.688310385    
         608  0.689189196    
         609  0.693982542    
         610  0.693416834    
         611  0.691855490    
         612  0.693231046    
         613  0.691154361    
         614  0.691508830    
         615  0.691626489    
         616  0.689991057    
         617  0.688499629    
         618  0.687229276    
         619  0.689590096    
         620  0.690580308    
         621  0.688650191    
         622  0.688100994    
         623  0.688452780    
         624  0.686486542    
         625  0.686062217    
         626  0.685589135    
         627  0.686398923    
         628  0.687758148    
         629  0.685813010    
         630  0.686872244    
         631  0.686452270    
         632  0.686766446    
         633  0.685926437    
         634  0.687317431    
         635  0.686180770    
         636  0.685785055    
         637  0.686395168    
         638  0.687638521    
         639  0.687388599    
         640  0.688074291    
         641  0.688470900    
         642  0.691053867    
         643  0.691772223    
         644  0.691014171    
         645  0.690769851    
         646  0.690280378    
         647  0.689502418    
         648  0.687770545    
         649  0.689765990    
         650  0.692139924    
         651  0.691837490    
         652  0.694281161    
         653  0.696370542    
         654  0.700152040    
         655  0.699418068    
         656  0.698451936    
         657  0.698895276    
         658  0.698149741    
         659  0.697148085    
         660  0.696699023    
         661  0.696209490    
         662  0.695435405    
         663  0.694960475    
         664  0.692839146    
         665  0.694881082    
         666  0.694842696    
         667  0.696093261    
         668  0.695966244    
         669  0.695890248    
         670  0.694901466    
         671  0.692612112    
         672  0.692142010    
         673  0.693960786    
         674  0.692865610    
         675  0.691766858    
         676  0.693942726    
         677  0.694257557    
         678  0.695017517    
         679  0.698686600    
         680  0.696969092    
         681  0.697666705    
         682  0.698211789    
         683  0.697527289    
         684  0.698309422    
         685  0.697084129    
         686  0.695450842    
         687  0.695489764    
         688  0.696301460    
         689  0.696636081    
         690  0.695731759    
         691  0.696845114    
         692  0.696449459    
         693  0.696079016    
         694  0.696275592    
         695  0.695939541    
         696  0.695892751    
         697  0.697560191    
         698  0.695808589    
         699  0.695432544    
         700  0.695012629    
         701  0.696701109    
         702  0.696124554    
         703  0.696541488    
         704  0.698631167    
         705  0.698973179    
         706  0.700658441    
         707  0.700726926    
         708  0.700561821    
         709  0.701543391    
         710  0.700995624    
         711  0.701321900    
         712  0.702728808    
         713  0.702530682    
         714  0.705359995    
         715  0.704295337    
         716  0.702279091    
         717  0.703353882    
         718  0.703070164    
         719  0.701763332    
         720  0.701737463    
         721  0.701438546    
         722  0.702044189    
         723  0.702031612    
         724  0.703517139    
         725  0.703110397    
         726  0.704126775    
         727  0.703921139    
         728  0.704414248    
         729  0.705019951    
         730  0.702902079    
         731  0.702835739    
         732  0.703043222    
         733  0.705362022    
         734  0.706392229    
         735  0.706959069    
         736  0.708934963    
         737  0.709051192    
         738  0.707661569    
         739  0.706805468    
         740  0.706831038    
         741  0.706694663    
         742  0.708643496    
         743  0.708833694    
         744  0.708051383    
         745  0.706782758    
         746  0.708033204    
         747  0.708825052    
         748  0.708695531    
         749  0.707481027    
         750  0.706698298    
         751  0.706057489    
         752  0.708009183    
         753  0.708669543    
         754  0.708778262    
         755  0.709633827    
         756  0.711349785    
         757  0.710697711    
         758  0.711833537    
         759  0.711656868    
         760  0.711894810    
         761  0.712671041    
         762  0.711906552    
         763  0.711708665    
         764  0.712759316    
         765  0.711643517    
         766  0.710688829    
         767  0.713177800    
         768  0.712612569    
         769  0.713167846    
         770  0.713064253    
         771  0.713231742    
         772  0.713337302    
         773  0.712423325    
         774  0.711737692    
         775  0.712099254    
         776  0.713698983    
         777  0.713458061    
         778  0.714012682    
         779  0.713487327    
         780  0.711867988    
         781  0.713396490    
         782  0.712449193    
         783  0.710636318    
         784  0.711233974    
         785  0.712118983    
         786  0.713614762    
         787  0.713575184    
         788  0.714684129    
         789  0.714624763    
         790  0.713288307    
         791  0.714769185    
         792  0.716302395    
         793  0.715421081    
         794  0.714745164    
         795  0.716005087    
         796  0.714405656    
         797  0.714120388    
         798  0.713870764    
         799  0.712947249    
         800  0.712568939    
         801  0.716510534    
         802  0.717029989    
         803  0.717442632    
         804  0.717639267    
         805  0.717280388    
         806  0.718660653    
         807  0.717774570    
         808  0.717541873    
         809  0.719091713    
         810  0.722096324    
         811  0.722472787    
         812  0.720203936    
         813  0.719249010    
         814  0.720215559    
         815  0.721796691    
         816  0.720526159    
         817  0.719486296    
         818  0.720405996    
         819  0.721875310    
         820  0.722933292    
         821  0.724105060    
         822  0.723442435    
         823  0.722538471    
         824  0.724455297    
         825  0.724773824    
         826  0.724941134    
         827  0.726993263    
         828  0.727897406    
         829  0.728802621    
         830  0.728600860    
         831  0.727147818    
         832  0.726107180    
         833  0.727094471    
         834  0.727008939    
         835  0.726395130    
         836  0.726766348    
         837  0.728433132    
         838  0.728542447    
         839  0.727106214    
         840  0.726225019    
         841  0.724254906    
         842  0.724182665    
         843  0.721681595    
         844  0.723151863    
         845  0.721536577    
         846  0.722572625    
         847  0.723492682    
         848  0.722798288    
         849  0.724523365    
         850  0.726571023    
         851  0.726345599    
         852  0.727660179    
         853  0.727622628    
         854  0.727829814    
         855  0.727616966    
         856  0.726440489    
         857  0.726763487    
         858  0.725790977    
         859  0.725555062    
         860  0.728273571    
         861  0.729229808    
         862  0.729674399    
         863  0.729744554    
         864  0.733084321    
         865  0.731905103    
         866  0.730919898    
         867  0.731202602    
         868  0.729032457    
         869  0.730056822    
         870  0.729451358    
         871  0.729752779    
         872  0.728253365    
         873  0.730140805    
         874  0.729885042    
         875  0.730035007    
         876  0.730668485    
         877  0.729767084    
         878  0.730092287    
         879  0.729401886    
         880  0.730236471    
         881  0.730151534    
         882  0.731645107    
         883  0.733673751    
         884  0.735807836    
         885  0.737724304    
         886  0.739531636    
         887  0.738713324    
         888  0.739248872    
         889  0.738660455    
         890  0.738988698    
         891  0.740332663    
         892  0.740182102    
         893  0.740449667    
         894  0.741007984    
         895  0.740103006    
         896  0.741276145    
         897  0.742925346    
         898  0.743524134    
         899  0.742291868    
         900  0.742867708    
         901  0.742769003    
         902  0.745153546    
         903  0.749668956    
         904  0.748130620    
         905  0.747302473    
         906  0.746497691    
         907  0.746513724    
         908  0.749437511    
         909  0.748034954    
         910  0.746630013    
         911  0.747295856    
         912  0.746686101    
         913  0.749072254    
         914  0.749005556    
         915  0.750214219    
         916  0.748335540    
         917  0.748232365    
         918  0.746934056    
         919  0.747764289    
         920  0.748047650    
         921  0.748382449    
         922  0.748541534    
         923  0.748594701    
         924  0.747413993    
         925  0.747288942    
         926  0.749081552    
         927  0.748662829    
         928  0.750124753    
         929  0.749851763    
         930  0.751172543    
         931  0.751662016    
         932  0.752884626    
         933  0.752923846    
         934  0.754597962    
         935  0.755079389    
         936  0.753811717    
         937  0.755608380    
         938  0.754192173    
         939  0.753813565    
         940  0.753543198    
         941  0.753024340    
         942  0.752522290    
         943  0.752302170    
         944  0.755648077    
         945  0.756696045    
         946  0.755780101    
         947  0.757075369    
         948  0.755143702    
         949  0.753558218    
         950  0.752799213    
         951  0.753067076    
         952  0.752939165    
         953  0.753628075    
         954  0.754797995    
         955  0.753875077    
         956  0.752691388    
         957  0.751637995    
         958  0.750010192    
         959  0.749885619    
         960  0.750713289    
         961  0.749479234    
         962  0.749352515    
         963  0.748578846    
         964  0.748135686    
         965  0.747956693    
         966  0.748854518    
         967  0.749931574    
         968  0.752031505    
         969  0.752959609    
         970  0.752824843    
         971  0.751775563    
         972  0.752990901    
         973  0.752779663    
         974  0.757474005    
         975  0.756536901    
         976  0.757555127    
         977  0.758252740    
         978  0.760497510    
         979  0.760694385    
         980  0.761582196    
         981  0.762367964    
         982  0.764189959    
         983  0.764237523    
         984  0.763084114    
         985  0.765027404    
         986  0.765789092    
         987  0.769239485    
         988  0.770616591    
         989  0.771194100    
         990  0.769792020    
         991  0.768437147    
         992  0.766610026    
         993  0.768064439    
         994  0.769987106    
         995  0.768355072    
         996  0.767603159    
         997  0.768430948    
         998  0.769579768    
         999  0.770313442    
        1000  0.770747364    
