           1  0.334531575    
           2  0.337152600    
           3  0.339880317    
           4  0.341061026    
           5  0.342445910    
           6  0.343662262    
           7  0.345213234    
           8  0.346511215    
           9  0.348471105    
          10  0.349980354    
          11  0.350694895    
          12  0.352875710    
          13  0.355456918    
          14  0.354909450    
          15  0.356043339    
          16  0.357310206    
          17  0.358909756    
          18  0.360511690    
          19  0.363040268    
          20  0.365146786    
          21  0.365951449    
          22  0.367451698    
          23  0.367960125    
          24  0.367975712    
          25  0.369267881    
          26  0.370951384    
          27  0.372213960    
          28  0.373809725    
          29  0.374667376    
          30  0.375371218    
          31  0.378653944    
          32  0.379798919    
          33  0.380973279    
          34  0.382523924    
          35  0.383010238    
          36  0.385131121    
          37  0.384657502    
          38  0.386061102    
          39  0.388085306    
          40  0.388308227    
          41  0.388514280    
          42  0.390345752    
          43  0.391424179    
          44  0.391815037    
          45  0.392361552    
          46  0.393709928    
          47  0.394599855    
          48  0.394853801    
          49  0.395856708    
          50  0.395708770    
          51  0.397054583    
          52  0.397969931    
          53  0.397787005    
          54  0.399000883    
          55  0.398132712    
          56  0.398896426    
          57  0.400480419    
          58  0.400857776    
          59  0.402439266    
          60  0.403687626    
          61  0.405635834    
          62  0.405253202    
          63  0.405909330    
          64  0.407050610    
          65  0.406766891    
          66  0.408863783    
          67  0.409520537    
          68  0.409092337    
          69  0.410716832    
          70  0.411594689    
          71  0.414051205    
          72  0.413208455    
          73  0.413097322    
          74  0.414383203    
          75  0.415910006    
          76  0.416778505    
          77  0.417569578    
          78  0.420184255    
          79  0.422092140    
          80  0.422765255    
          81  0.424857765    
          82  0.424770266    
          83  0.424362719    
          84  0.424795985    
          85  0.425585568    
          86  0.426927149    
          87  0.427650720    
          88  0.427939057    
          89  0.426462084    
          90  0.428035051    
          91  0.427598268    
          92  0.428347260    
          93  0.428552985    
          94  0.429737031    
          95  0.430374116    
          96  0.432892442    
          97  0.433921188    
          98  0.434506863    
          99  0.433011621    
         100  0.432143033    
         101  0.434315383    
         102  0.434885085    
         103  0.436036527    
         104  0.436680734    
         105  0.437361270    
         106  0.438391358    
         107  0.438846380    
         108  0.438928336    
         109  0.440759629    
         110  0.442311913    
         111  0.442900628    
         112  0.442302942    
         113  0.443367213    
         114  0.443452805    
         115  0.444830596    
         116  0.446851224    
         117  0.448781103    
         118  0.450002998    
         119  0.450495481    
         120  0.449680269    
         121  0.450097442    
         122  0.451021761    
         123  0.451186210    
         124  0.454156011    
         125  0.453990489    
         126  0.454703003    
         127  0.454821587    
         128  0.456477225    
         129  0.457031220    
         130  0.456858337    
         131  0.457007676    
         132  0.456734657    
         133  0.457463712    
         134  0.457484990    
         135  0.458750665    
         136  0.460161686    
         137  0.460319936    
         138  0.460374862    
         139  0.462016493    
         140  0.463166714    
         141  0.464301050    
         142  0.464450270    
         143  0.465349019    
         144  0.467395872    
         145  0.467958391    
         146  0.468751937    
         147  0.471274912    
         148  0.471803039    
         149  0.470870316    
         150  0.473310828    
         151  0.473297745    
         152  0.472857356    
         153  0.472589880    
         154  0.472722888    
         155  0.472961456    
         156  0.474896193    
         157  0.476233840    
         158  0.478304058    
         159  0.479040504    
         160  0.479625165    
         161  0.479883641    
         162  0.481760472    
         163  0.481622845    
         164  0.483593047    
         165  0.483323067    
         166  0.483459264    
         167  0.485818297    
         168  0.487039387    
         169  0.487101734    
         170  0.489076853    
         171  0.490277112    
         172  0.491292834    
         173  0.491787046    
         174  0.491716474    
         175  0.492655367    
         176  0.494730532    
         177  0.494058818    
         178  0.494500786    
         179  0.495239556    
         180  0.496448398    
         181  0.498004466    
         182  0.498676568    
         183  0.500105739    
         184  0.500664175    
         185  0.499483615    
         186  0.499177724    
         187  0.499761015    
         188  0.499080807    
         189  0.499634683    
         190  0.499488264    
         191  0.500348270    
         192  0.501792669    
         193  0.502819538    
         194  0.503786743    
         195  0.507678688    
         196  0.509555101    
         197  0.508341670    
         198  0.510625005    
         199  0.511534989    
         200  0.512014329    
         201  0.512255549    
         202  0.512974560    
         203  0.513158798    
         204  0.513774276    
         205  0.513325393    
         206  0.514151931    
         207  0.514185786    
         208  0.515550554    
         209  0.516054630    
         210  0.518339574    
         211  0.519903004    
         212  0.519702256    
         213  0.520728528    
         214  0.521618247    
         215  0.523181856    
         216  0.524856865    
         217  0.524856269    
         218  0.524873674    
         219  0.525660396    
         220  0.526183784    
         221  0.527326822    
         222  0.528693795    
         223  0.528181076    
         224  0.527192950    
         225  0.528026640    
         226  0.527916491    
         227  0.526894808    
         228  0.528585672    
         229  0.530304313    
         230  0.529494345    
         231  0.530055046    
         232  0.531220436    
         233  0.531884313    
         234  0.532280862    
         235  0.532364786    
         236  0.531627417    
         237  0.531895876    
         238  0.533050895    
         239  0.533577859    
         240  0.533868790    
         241  0.533359766    
         242  0.535162210    
         243  0.537028611    
         244  0.535708010    
         245  0.534593284    
         246  0.534701824    
         247  0.533380270    
         248  0.533802152    
         249  0.534028471    
         250  0.536325514    
         251  0.537440360    
         252  0.536795199    
         253  0.536871552    
         254  0.537690580    
         255  0.536401749    
         256  0.536570430    
         257  0.537381470    
         258  0.536511183    
         259  0.536628246    
         260  0.537687540    
         261  0.537698686    
         262  0.537232280    
         263  0.536943078    
         264  0.538127124    
         265  0.537293136    
         266  0.536701679    
         267  0.539406359    
         268  0.538776994    
         269  0.538889825    
         270  0.539134860    
         271  0.538871944    
         272  0.540228426    
         273  0.539817750    
         274  0.539228380    
         275  0.540089190    
         276  0.541614175    
         277  0.543777347    
         278  0.545149386    
         279  0.546608388    
         280  0.547152102    
         281  0.547044158    
         282  0.548725903    
         283  0.548125207    
         284  0.548548758    
         285  0.548493922    
         286  0.547662675    
         287  0.548528850    
         288  0.549896181    
         289  0.550564229    
         290  0.550488412    
         291  0.549753070    
         292  0.549364805    
         293  0.550936162    
         294  0.553633690    
         295  0.554611742    
         296  0.554782033    
         297  0.553206623    
         298  0.552643418    
         299  0.554288089    
         300  0.554359198    
         301  0.556703091    
         302  0.557518482    
         303  0.558152378    
         304  0.557585776    
         305  0.557674587    
         306  0.557198465    
         307  0.557314813    
         308  0.557741463    
         309  0.558363259    
         310  0.559212387    
         311  0.561333239    
         312  0.561094046    
         313  0.560706735    
         314  0.561053038    
         315  0.563538611    
         316  0.563418746    
         317  0.561640799    
         318  0.562198937    
         319  0.563415408    
         320  0.564119875    
         321  0.563068271    
         322  0.563996673    
         323  0.564994097    
         324  0.565664053    
         325  0.564041972    
         326  0.563268900    
         327  0.562326014    
         328  0.562333286    
         329  0.562354505    
         330  0.563061476    
         331  0.563733578    
         332  0.566260159    
         333  0.567643523    
         334  0.567702353    
         335  0.567998827    
         336  0.567866325    
         337  0.567675233    
         338  0.566673696    
         339  0.567001045    
         340  0.567680299    
         341  0.569277465    
         342  0.569190145    
         343  0.570054471    
         344  0.572374642    
         345  0.573075771    
         346  0.573070049    
         347  0.573648393    
         348  0.573153138    
         349  0.572521508    
         350  0.573330939    
         351  0.573333442    
         352  0.573523998    
         353  0.574205101    
         354  0.572294295    
         355  0.572398186    
         356  0.572651148    
         357  0.573716640    
         358  0.573496997    
         359  0.574052095    
         360  0.573471546    
         361  0.572945416    
         362  0.574073017    
         363  0.573660791    
         364  0.575980008    
         365  0.575761497    
         366  0.577682555    
         367  0.577986002    
         368  0.577998400    
         369  0.580188036    
         370  0.581163466    
         371  0.581189096    
         372  0.582832515    
         373  0.580581009    
         374  0.582915127    
         375  0.584288299    
         376  0.585176349    
         377  0.586113751    
         378  0.585200548    
         379  0.585922718    
         380  0.586024225    
         381  0.586654246    
         382  0.585963368    
         383  0.587840557    
         384  0.587470174    
         385  0.587484598    
         386  0.586674213    
         387  0.587485850    
         388  0.588223934    
         389  0.588042140    
         390  0.588796914    
         391  0.589616418    
         392  0.590744019    
         393  0.593641818    
         394  0.593900144    
         395  0.593659699    
         396  0.594602168    
         397  0.594353855    
         398  0.593544364    
         399  0.593243718    
         400  0.594860196    
         401  0.594747782    
         402  0.595304489    
         403  0.594222665    
         404  0.592710257    
         405  0.592823982    
         406  0.594065487    
         407  0.594474912    
         408  0.594337285    
         409  0.594552755    
         410  0.595606863    
         411  0.594629705    
         412  0.596173704    
         413  0.595796764    
         414  0.596314967    
         415  0.597894132    
         416  0.596794903    
         417  0.597705424    
         418  0.597123981    
         419  0.596671939    
         420  0.597449124    
         421  0.598245919    
         422  0.599213362    
         423  0.599331379    
         424  0.599791050    
         425  0.599677920    
         426  0.600749075    
         427  0.602628291    
         428  0.601687074    
         429  0.600514293    
         430  0.600131929    
         431  0.600642085    
         432  0.601374090    
         433  0.601659000    
         434  0.603318810    
         435  0.603776634    
         436  0.605131209    
         437  0.606404305    
         438  0.605982304    
         439  0.605764389    
         440  0.608296871    
         441  0.609323800    
         442  0.608886361    
         443  0.611164689    
         444  0.611072302    
         445  0.612134576    
         446  0.613669634    
         447  0.612927139    
         448  0.613520503    
         449  0.614206374    
         450  0.615180135    
         451  0.615235329    
         452  0.615274072    
         453  0.614177346    
         454  0.614661932    
         455  0.616174102    
         456  0.614659727    
         457  0.615269065    
         458  0.614889562    
         459  0.613783956    
         460  0.611268640    
         461  0.612004459    
         462  0.612745881    
         463  0.614008188    
         464  0.614172041    
         465  0.612296641    
         466  0.611792088    
         467  0.610878229    
         468  0.611540616    
         469  0.611604154    
         470  0.612836838    
         471  0.613319933    
         472  0.613587022    
         473  0.615871906    
         474  0.616422594    
         475  0.618582606    
         476  0.619827092    
         477  0.620795190    
         478  0.621631444    
         479  0.622796535    
         480  0.624450982    
         481  0.624429703    
         482  0.625015438    
         483  0.625491261    
         484  0.624973655    
         485  0.627501369    
         486  0.628942668    
         487  0.629956126    
         488  0.628941834    
         489  0.630342364    
         490  0.630764365    
         491  0.629817843    
         492  0.630104840    
         493  0.630055785    
         494  0.628628910    
         495  0.628781736    
         496  0.629904389    
         497  0.630766273    
         498  0.629768133    
         499  0.629735649    
         500  0.629593194    
         501  0.630331516    
         502  0.631066918    
         503  0.630346060    
         504  0.631327212    
         505  0.632446826    
         506  0.633010924    
         507  0.631909609    
         508  0.632866085    
         509  0.632483304    
         510  0.632223189    
         511  0.632466733    
         512  0.631779432    
         513  0.630951107    
         514  0.632194400    
         515  0.633930087    
         516  0.633877635    
         517  0.635018349    
         518  0.636683822    
         519  0.636572778    
         520  0.638800740    
         521  0.639454663    
         522  0.639451027    
         523  0.639677167    
         524  0.640614688    
         525  0.643840313    
         526  0.643244684    
         527  0.642287254    
         528  0.642747700    
         529  0.642680228    
         530  0.642263353    
         531  0.644887447    
         532  0.647390604    
         533  0.649955571    
         534  0.650807619    
         535  0.649321914    
         536  0.650513232    
         537  0.651275814    
         538  0.652673006    
         539  0.655641854    
         540  0.655908525    
         541  0.657611609    
         542  0.659295022    
         543  0.659293532    
         544  0.661655784    
         545  0.662290752    
         546  0.661651313    
         547  0.662618935    
         548  0.664359331    
         549  0.663049877    
         550  0.663578629    
         551  0.664149702    
         552  0.663661063    
         553  0.666053772    
         554  0.665631652    
         555  0.664445460    
         556  0.662903905    
         557  0.662725389    
         558  0.662564993    
         559  0.662885845    
         560  0.665136755    
         561  0.665636480    
         562  0.665329576    
         563  0.665660918    
         564  0.665279746    
         565  0.666469276    
         566  0.668108582    
         567  0.667455316    
         568  0.667374253    
         569  0.668066859    
         570  0.668904722    
         571  0.670153975    
         572  0.670330286    
         573  0.670999646    
         574  0.670356989    
         575  0.673436224    
         576  0.674291253    
         577  0.674226701    
         578  0.675281286    
         579  0.677298188    
         580  0.679213047    
         581  0.678882241    
         582  0.679358840    
         583  0.677992165    
         584  0.679596543    
         585  0.679711282    
         586  0.679874420    
         587  0.677608728    
         588  0.677402675    
         589  0.678103864    
         590  0.677560806    
         591  0.677062154    
         592  0.678620577    
         593  0.680664361    
         594  0.678420842    
         595  0.678460896    
         596  0.680759609    
         597  0.683895886    
         598  0.682896733    
         599  0.683322251    
         600  0.683528364    
         601  0.683034897    
         602  0.681868732    
         603  0.684643328    
         604  0.685492992    
         605  0.684692204    
         606  0.683515251    
         607  0.684161246    
         608  0.684638679    
         609  0.686380625    
         610  0.687462449    
         611  0.687244952    
         612  0.689599931    
         613  0.691424072    
         614  0.694176733    
         615  0.695859790    
         616  0.695793390    
         617  0.697016001    
         618  0.697373629    
         619  0.699534535    
         620  0.701129377    
         621  0.700614214    
         622  0.700169742    
         623  0.700295091    
         624  0.702478826    
         625  0.703099310    
         626  0.702862799    
         627  0.704102278    
         628  0.705252826    
         629  0.705399096    
         630  0.706049681    
         631  0.705115676    
         632  0.703680694    
         633  0.701587021    
         634  0.702578068    
         635  0.703960776    
         636  0.703106344    
         637  0.701829016    
         638  0.702361763    
         639  0.701393783    
         640  0.702732921    
         641  0.701789498    
         642  0.703208506    
         643  0.703493834    
         644  0.704848588    
         645  0.703549802    
         646  0.706451774    
         647  0.708835840    
         648  0.708045602    
         649  0.708412886    
         650  0.707374692    
         651  0.710582256    
         652  0.710508883    
         653  0.710113525    
         654  0.710189521    
         655  0.710797012    
         656  0.711243927    
         657  0.710229695    
         658  0.712870657    
         659  0.713027596    
         660  0.713068485    
         661  0.713780880    
         662  0.715266585    
         663  0.715056002    
         664  0.717171311    
         665  0.717794657    
         666  0.716289461    
         667  0.716214716    
         668  0.717222333    
         669  0.718465030    
         670  0.718407393    
         671  0.715685964    
         672  0.717903972    
         673  0.716522515    
         674  0.716783404    
         675  0.717063367    
         676  0.718866169    
         677  0.718236029    
         678  0.719461441    
         679  0.721195340    
         680  0.719709694    
         681  0.720400095    
         682  0.719489276    
         683  0.720415473    
         684  0.720068097    
         685  0.721381009    
         686  0.718963861    
         687  0.719012558    
         688  0.717528462    
         689  0.717511833    
         690  0.717622519    
         691  0.719522357    
         692  0.721889615    
         693  0.720564365    
         694  0.720647037    
         695  0.720681250    
         696  0.720807195    
         697  0.720467687    
         698  0.719512641    
         699  0.719881058    
         700  0.720040500    
         701  0.721605599    
         702  0.724198878    
         703  0.723244071    
         704  0.722830057    
         705  0.725447416    
         706  0.725002348    
         707  0.724790215    
         708  0.726054251    
         709  0.727058768    
         710  0.725954533    
         711  0.724986494    
         712  0.722845078    
         713  0.720957339    
         714  0.721456647    
         715  0.722459555    
         716  0.723993361    
         717  0.725548446    
         718  0.725288570    
         719  0.725628257    
         720  0.727765560    
         721  0.726645827    
         722  0.728114724    
         723  0.727689385    
         724  0.727496624    
         725  0.728084028    
         726  0.729098976    
         727  0.730787933    
         728  0.730506063    
         729  0.730474353    
         730  0.730562568    
         731  0.731192350    
         732  0.731125116    
         733  0.731464684    
         734  0.734339476    
         735  0.734360516    
         736  0.734107435    
         737  0.736647964    
         738  0.734921336    
         739  0.736482918    
         740  0.735628068    
         741  0.735592723    
         742  0.735563755    
         743  0.736873746    
         744  0.737442315    
         745  0.736939132    
         746  0.735944510    
         747  0.735677481    
         748  0.735238731    
         749  0.736028433    
         750  0.735645354    
         751  0.735049486    
         752  0.735303581    
         753  0.733502388    
         754  0.733171225    
         755  0.732384741    
         756  0.732718110    
         757  0.734158218    
         758  0.733628809    
         759  0.733034313    
         760  0.734116554    
         761  0.734001100    
         762  0.732503176    
         763  0.733424127    
         764  0.735503674    
         765  0.734579623    
         766  0.734348118    
         767  0.735580444    
         768  0.735096455    
         769  0.734044254    
         770  0.733116865    
         771  0.732872605    
         772  0.731235027    
         773  0.732405066    
         774  0.732311070    
         775  0.731897056    
         776  0.731444716    
         777  0.731413424    
         778  0.731527805    
         779  0.730136931    
         780  0.732339025    
         781  0.732409537    
         782  0.734772801    
         783  0.735811055    
         784  0.735903263    
         785  0.736328900    
         786  0.736591160    
         787  0.736925900    
         788  0.737189353    
         789  0.737186074    
         790  0.736369848    
         791  0.737811208    
         792  0.737236381    
         793  0.738424897    
         794  0.737416387    
         795  0.737543106    
         796  0.737051249    
         797  0.739016831    
         798  0.737313569    
         799  0.737321913    
         800  0.736937702    
         801  0.736645043    
         802  0.736069083    
         803  0.735590816    
         804  0.736021638    
         805  0.737393320    
         806  0.737152338    
         807  0.738793492    
         808  0.738109231    
         809  0.737788677    
         810  0.737366915    
         811  0.738827944    
         812  0.739177942    
         813  0.739710152    
         814  0.737587988    
         815  0.739241481    
         816  0.741851509    
         817  0.740181565    
         818  0.739202321    
         819  0.741214633    
         820  0.742456138    
         821  0.742457747    
         822  0.742032766    
         823  0.741305351    
         824  0.741169095    
         825  0.741221011    
         826  0.741712153    
         827  0.742670298    
         828  0.744365513    
         829  0.744399011    
         830  0.744059324    
         831  0.744715631    
         832  0.744935811    
         833  0.745208383    
         834  0.743990242    
         835  0.744284570    
         836  0.745002270    
         837  0.745405376    
         838  0.744852304    
         839  0.746136189    
         840  0.747010648    
         841  0.748698413    
         842  0.750577211    
         843  0.751378834    
         844  0.751585543    
         845  0.752258480    
         846  0.753014922    
         847  0.753591657    
         848  0.752821565    
         849  0.752799571    
         850  0.751274288    
         851  0.751122296    
         852  0.753402710    
         853  0.754976273    
         854  0.755301595    
         855  0.756108820    
         856  0.756462991    
         857  0.757394493    
         858  0.757673323    
         859  0.755475938    
         860  0.754899621    
         861  0.755977571    
         862  0.757412374    
         863  0.757299840    
         864  0.757589102    
         865  0.756832898    
         866  0.758467138    
         867  0.758799911    
         868  0.758191764    
         869  0.757172167    
         870  0.756711602    
         871  0.757389724    
         872  0.758795440    
         873  0.756676257    
         874  0.758509815    
         875  0.761279404    
         876  0.762236476    
         877  0.760464668    
         878  0.761890411    
         879  0.762546301    
         880  0.761309445    
         881  0.761583865    
         882  0.764130890    
         883  0.763795614    
         884  0.763099313    
         885  0.763056695    
         886  0.763185978    
         887  0.764377832    
         888  0.764520109    
         889  0.765267015    
         890  0.765751719    
         891  0.764845133    
         892  0.766484439    
         893  0.765627265    
         894  0.766326010    
         895  0.766195774    
         896  0.767663121    
         897  0.765865743    
         898  0.766398966    
         899  0.767346978    
         900  0.770124495    
         901  0.769464850    
         902  0.769061565    
         903  0.768508136    
         904  0.770721912    
         905  0.771885574    
         906  0.773353398    
         907  0.772850692    
         908  0.772590995    
         909  0.773496032    
         910  0.773014724    
         911  0.772432864    
         912  0.772411108    
         913  0.771069527    
         914  0.772273004    
         915  0.771453142    
         916  0.772116005    
         917  0.772553027    
         918  0.773806393    
         919  0.775142968    
         920  0.775220633    
         921  0.774011552    
         922  0.773163021    
         923  0.776095033    
         924  0.778235853    
         925  0.780739784    
         926  0.783428252    
         927  0.785106659    
         928  0.782276630    
         929  0.783068478    
         930  0.783301115    
         931  0.782204211    
         932  0.782446682    
         933  0.783029735    
         934  0.782984853    
         935  0.780712306    
         936  0.780210555    
         937  0.780543447    
         938  0.782478571    
         939  0.783787012    
         940  0.785929799    
         941  0.787601054    
         942  0.789414704    
         943  0.788013041    
         944  0.789221644    
         945  0.791268289    
         946  0.791676104    
         947  0.793487251    
         948  0.793517113    
         949  0.796174467    
         950  0.796824992    
         951  0.796382844    
         952  0.797091007    
         953  0.796579182    
         954  0.797478080    
         955  0.796268165    
         956  0.796939492    
         957  0.799400389    
         958  0.798527837    
         959  0.798252881    
         960  0.795779288    
         961  0.796195388    
         962  0.796921909    
         963  0.797695339    
         964  0.797496736    
         965  0.797675312    
         966  0.798316538    
         967  0.798102319    
         968  0.799623013    
         969  0.800304949    
         970  0.798437297    
         971  0.798736155    
         972  0.799230754    
         973  0.797816396    
         974  0.797974527    
         975  0.797691345    
         976  0.798288047    
         977  0.799143076    
         978  0.800405025    
         979  0.802549899    
         980  0.805073380    
         981  0.807130992    
         982  0.807376921    
         983  0.805592775    
         984  0.806512833    
         985  0.806941211    
         986  0.806782484    
         987  0.805673778    
         988  0.807171047    
         989  0.806009293    
         990  0.804323018    
         991  0.806067646    
         992  0.806616664    
         993  0.804810703    
         994  0.805838704    
         995  0.807513535    
         996  0.807434738    
         997  0.805192709    
         998  0.808846056    
         999  0.808977306    
        1000  0.809411585    
