   1.00000000      0.337325364    
   2.00000000      0.338373572    
   3.00000000      0.339876026    
   4.00000000      0.340368867    
   5.00000000      0.342173308    
   6.00000000      0.344109595    
   7.00000000      0.346860349    
   8.00000000      0.347316623    
   9.00000000      0.348493010    
   10.0000000      0.348540425    
   11.0000000      0.349700511    
   12.0000000      0.350077361    
   13.0000000      0.350391775    
   14.0000000      0.351300597    
   15.0000000      0.353384733    
   16.0000000      0.354301155    
   17.0000000      0.356174916    
   18.0000000      0.357258350    
   19.0000000      0.358316392    
   20.0000000      0.360454470    
   21.0000000      0.362107813    
   22.0000000      0.363673687    
   23.0000000      0.363993645    
   24.0000000      0.364860117    
   25.0000000      0.366516799    
   26.0000000      0.366608351    
   27.0000000      0.368353486    
   28.0000000      0.370208889    
   29.0000000      0.371592402    
   30.0000000      0.375047028    
   31.0000000      0.374763638    
   32.0000000      0.374868274    
   33.0000000      0.375678509    
   34.0000000      0.376966029    
   35.0000000      0.378376245    
   36.0000000      0.378664315    
   37.0000000      0.378583550    
   38.0000000      0.380181313    
   39.0000000      0.380373895    
   40.0000000      0.380655766    
   41.0000000      0.380757838    
   42.0000000      0.382571280    
   43.0000000      0.384688914    
   44.0000000      0.384153008    
   45.0000000      0.383787543    
   46.0000000      0.383611381    
   47.0000000      0.386099935    
   48.0000000      0.386108518    
   49.0000000      0.387854666    
   50.0000000      0.389636576    
   51.0000000      0.388979554    
   52.0000000      0.391146630    
   53.0000000      0.392613500    
   54.0000000      0.394150734    
   55.0000000      0.394444734    
   56.0000000      0.394452393    
   57.0000000      0.395316303    
   58.0000000      0.396416068    
   59.0000000      0.397429705    
   60.0000000      0.398024976    
   61.0000000      0.398408741    
   62.0000000      0.401135415    
   63.0000000      0.401250869    
   64.0000000      0.400980830    
   65.0000000      0.401816100    
   66.0000000      0.401934654    
   67.0000000      0.403648436    
   68.0000000      0.405770391    
   69.0000000      0.407348752    
   70.0000000      0.406907350    
   71.0000000      0.406498104    
   72.0000000      0.406549752    
   73.0000000      0.407669395    
   74.0000000      0.408289373    
   75.0000000      0.408795416    
   76.0000000      0.409335494    
   77.0000000      0.411828995    
   78.0000000      0.411382794    
   79.0000000      0.413065135    
   80.0000000      0.413648486    
   81.0000000      0.414459080    
   82.0000000      0.415037364    
   83.0000000      0.415997177    
   84.0000000      0.415107995    
   85.0000000      0.416661650    
   86.0000000      0.417318165    
   87.0000000      0.417455763    
   88.0000000      0.417659789    
   89.0000000      0.418381035    
   90.0000000      0.416639268    
   91.0000000      0.416528672    
   92.0000000      0.417041749    
   93.0000000      0.417494774    
   94.0000000      0.416758567    
   95.0000000      0.418220609    
   96.0000000      0.419843286    
   97.0000000      0.420275688    
   98.0000000      0.421503305    
   99.0000000      0.422651380    
   100.000000      0.422889918    
   101.000000      0.423388064    
   102.000000      0.425517112    
   103.000000      0.427408069    
   104.000000      0.428816408    
   105.000000      0.430116415    
   106.000000      0.431489825    
   107.000000      0.431567162    
   108.000000      0.432645023    
   109.000000      0.433151186    
   110.000000      0.433377475    
   111.000000      0.431987643    
   112.000000      0.434104413    
   113.000000      0.435386240    
   114.000000      0.435897768    
   115.000000      0.436788589    
   116.000000      0.437673986    
   117.000000      0.439739019    
   118.000000      0.440719992    
   119.000000      0.442357838    
   120.000000      0.443698525    
   121.000000      0.443659306    
   122.000000      0.442123175    
   123.000000      0.442121148    
   124.000000      0.444222808    
   125.000000      0.444403738    
   126.000000      0.444833338    
   127.000000      0.446488887    
   128.000000      0.448307276    
   129.000000      0.447992712    
   130.000000      0.448494762    
   131.000000      0.449142814    
   132.000000      0.450222343    
   133.000000      0.450543672    
   134.000000      0.450610489    
   135.000000      0.451473534    
   136.000000      0.452257335    
   137.000000      0.452285647    
   138.000000      0.454185843    
   139.000000      0.455734909    
   140.000000      0.457518995    
   141.000000      0.457803816    
   142.000000      0.460075229    
   143.000000      0.460034043    
   144.000000      0.459853739    
   145.000000      0.460781097    
   146.000000      0.461302996    
   147.000000      0.463007271    
   148.000000      0.462220013    
   149.000000      0.461614579    
   150.000000      0.463746637    
   151.000000      0.464609385    
   152.000000      0.466281176    
   153.000000      0.467823803    
   154.000000      0.467764616    
   155.000000      0.468186915    
   156.000000      0.466776252    
   157.000000      0.468206614    
   158.000000      0.469454974    
   159.000000      0.470361859    
   160.000000      0.470276147    
   161.000000      0.471691638    
   162.000000      0.473567843    
   163.000000      0.475302905    
   164.000000      0.476405084    
   165.000000      0.476442993    
   166.000000      0.479410946    
   167.000000      0.479072660    
   168.000000      0.479953557    
   169.000000      0.480488092    
   170.000000      0.481580913    
   171.000000      0.480781823    
   172.000000      0.480510145    
   173.000000      0.480475426    
   174.000000      0.480334759    
   175.000000      0.480049700    
   176.000000      0.481055409    
   177.000000      0.480867565    
   178.000000      0.481969208    
   179.000000      0.482268870    
   180.000000      0.483383209    
   181.000000      0.485670537    
   182.000000      0.485415906    
   183.000000      0.485884219    
   184.000000      0.488112688    
   185.000000      0.488745064    
   186.000000      0.488427192    
   187.000000      0.490275383    
   188.000000      0.491422892    
   189.000000      0.492096215    
   190.000000      0.493017733    
   191.000000      0.493203878    
   192.000000      0.494702041    
   193.000000      0.495213121    
   194.000000      0.494741648    
   195.000000      0.496978223    
   196.000000      0.497173280    
   197.000000      0.497695982    
   198.000000      0.499896348    
   199.000000      0.501325548    
   200.000000      0.502811015    
   201.000000      0.502153158    
   202.000000      0.503549218    
   203.000000      0.503571272    
   204.000000      0.503110766    
   205.000000      0.502707243    
   206.000000      0.503647387    
   207.000000      0.503849328    
   208.000000      0.505053163    
   209.000000      0.504511118    
   210.000000      0.504483044    
   211.000000      0.507456779    
   212.000000      0.507762611    
   213.000000      0.506115615    
   214.000000      0.505160332    
   215.000000      0.505557179    
   216.000000      0.506995857    
   217.000000      0.509174705    
   218.000000      0.509291649    
   219.000000      0.510061443    
   220.000000      0.510464072    
   221.000000      0.512158155    
   222.000000      0.512400329    
   223.000000      0.514115334    
   224.000000      0.515550852    
   225.000000      0.516103983    
   226.000000      0.516596317    
   227.000000      0.516782880    
   228.000000      0.518036544    
   229.000000      0.518997610    
   230.000000      0.520073771    
   231.000000      0.521623552    
   232.000000      0.521701455    
   233.000000      0.522761643    
   234.000000      0.524544775    
   235.000000      0.524409592    
   236.000000      0.523065984    
   237.000000      0.523931205    
   238.000000      0.523473442    
   239.000000      0.524185896    
   240.000000      0.526143730    
   241.000000      0.526841879    
   242.000000      0.527825415    
   243.000000      0.529135227    
   244.000000      0.530504763    
   245.000000      0.530267298    
   246.000000      0.531140447    
   247.000000      0.532906055    
   248.000000      0.532645106    
   249.000000      0.533014715    
   250.000000      0.532423377    
   251.000000      0.533464015    
   252.000000      0.534044921    
   253.000000      0.534417570    
   254.000000      0.535947978    
   255.000000      0.537686586    
   256.000000      0.538673222    
   257.000000      0.538479030    
   258.000000      0.540015876    
   259.000000      0.541766167    
   260.000000      0.542955041    
   261.000000      0.543800831    
   262.000000      0.544476151    
   263.000000      0.544962883    
   264.000000      0.548132062    
   265.000000      0.549546063    
   266.000000      0.548180759    
   267.000000      0.550453722    
   268.000000      0.550601959    
   269.000000      0.550942123    
   270.000000      0.550670326    
   271.000000      0.551132739    
   272.000000      0.553089976    
   273.000000      0.554815233    
   274.000000      0.556035280    
   275.000000      0.555949807    
   276.000000      0.555886328    
   277.000000      0.557495236    
   278.000000      0.558745444    
   279.000000      0.558661699    
   280.000000      0.559202075    
   281.000000      0.558285594    
   282.000000      0.559220314    
   283.000000      0.560571730    
   284.000000      0.560682535    
   285.000000      0.562131405    
   286.000000      0.562724233    
   287.000000      0.561740518    
   288.000000      0.562622368    
   289.000000      0.562521040    
   290.000000      0.562868237    
   291.000000      0.564956546    
   292.000000      0.564476848    
   293.000000      0.565039873    
   294.000000      0.566282272    
   295.000000      0.565987051    
   296.000000      0.565696180    
   297.000000      0.565700948    
   298.000000      0.567032576    
   299.000000      0.566904604    
   300.000000      0.565443337    
   301.000000      0.564281225    
   302.000000      0.564893425    
   303.000000      0.564212739    
   304.000000      0.566092432    
   305.000000      0.565994918    
   306.000000      0.564611852    
   307.000000      0.564103484    
   308.000000      0.566877186    
   309.000000      0.566901386    
   310.000000      0.566018283    
   311.000000      0.566772044    
   312.000000      0.568163574    
   313.000000      0.568467975    
   314.000000      0.568854690    
   315.000000      0.569143295    
   316.000000      0.570487022    
   317.000000      0.572602987    
   318.000000      0.571598351    
   319.000000      0.573196471    
   320.000000      0.572088778    
   321.000000      0.572466671    
   322.000000      0.574174404    
   323.000000      0.574728072    
   324.000000      0.574020982    
   325.000000      0.576524019    
   326.000000      0.576474011    
   327.000000      0.577717483    
   328.000000      0.577717900    
   329.000000      0.580000639    
   330.000000      0.579906046    
   331.000000      0.580224454    
   332.000000      0.580588937    
   333.000000      0.581630588    
   334.000000      0.583069265    
   335.000000      0.582468450    
   336.000000      0.583419383    
   337.000000      0.582552016    
   338.000000      0.583436549    
   339.000000      0.582727432    
   340.000000      0.581244469    
   341.000000      0.580105484    
   342.000000      0.580895901    
   343.000000      0.580973625    
   344.000000      0.580769479    
   345.000000      0.580860794    
   346.000000      0.582768321    
   347.000000      0.581467450    
   348.000000      0.582299948    
   349.000000      0.583533287    
   350.000000      0.584422290    
   351.000000      0.584632933    
   352.000000      0.585650921    
   353.000000      0.587281168    
   354.000000      0.587261379    
   355.000000      0.587978840    
   356.000000      0.589503825    
   357.000000      0.590047181    
   358.000000      0.589060724    
   359.000000      0.588932753    
   360.000000      0.587710381    
   361.000000      0.588128328    
   362.000000      0.587901175    
   363.000000      0.588404179    
   364.000000      0.589461923    
   365.000000      0.590205789    
   366.000000      0.589833617    
   367.000000      0.589821339    
   368.000000      0.591928482    
   369.000000      0.591325045    
   370.000000      0.590743363    
   371.000000      0.590873659    
   372.000000      0.590918899    
   373.000000      0.590522468    
   374.000000      0.591615260    
   375.000000      0.591052413    
   376.000000      0.592322767    
   377.000000      0.591195047    
   378.000000      0.590729833    
   379.000000      0.591616511    
   380.000000      0.592355371    
   381.000000      0.593870401    
   382.000000      0.592662454    
   383.000000      0.592531264    
   384.000000      0.593822420    
   385.000000      0.593820751    
   386.000000      0.594597101    
   387.000000      0.593561292    
   388.000000      0.593112588    
   389.000000      0.593937218    
   390.000000      0.594003141    
   391.000000      0.593594491    
   392.000000      0.595627964    
   393.000000      0.595469892    
   394.000000      0.594815433    
   395.000000      0.595453322    
   396.000000      0.596367478    
   397.000000      0.594693720    
   398.000000      0.595447659    
   399.000000      0.597270072    
   400.000000      0.596160054    
   401.000000      0.596037686    
   402.000000      0.595847666    
   403.000000      0.595862210    
   404.000000      0.595971346    
   405.000000      0.596796453    
   406.000000      0.596324742    
   407.000000      0.597639382    
   408.000000      0.597483933    
   409.000000      0.598164439    
   410.000000      0.599102199    
   411.000000      0.600812852    
   412.000000      0.601377428    
   413.000000      0.601243258    
   414.000000      0.600082099    
   415.000000      0.599500299    
   416.000000      0.600536704    
   417.000000      0.600458324    
   418.000000      0.598803282    
   419.000000      0.597789586    
   420.000000      0.598246634    
   421.000000      0.597809851    
   422.000000      0.598598182    
   423.000000      0.598530352    
   424.000000      0.598453164    
   425.000000      0.598944843    
   426.000000      0.599552333    
   427.000000      0.600342989    
   428.000000      0.600854158    
   429.000000      0.600690782    
   430.000000      0.600144625    
   431.000000      0.600786328    
   432.000000      0.601294816    
   433.000000      0.602639318    
   434.000000      0.602283359    
   435.000000      0.602204382    
   436.000000      0.603098989    
   437.000000      0.604220331    
   438.000000      0.604178786    
   439.000000      0.603877008    
   440.000000      0.602997839    
   441.000000      0.603606880    
   442.000000      0.604008973    
   443.000000      0.604554296    
   444.000000      0.604386389    
   445.000000      0.604699492    
   446.000000      0.606703937    
   447.000000      0.606154859    
   448.000000      0.606291711    
   449.000000      0.606895804    
   450.000000      0.606515825    
   451.000000      0.607226789    
   452.000000      0.610316753    
   453.000000      0.609564841    
   454.000000      0.610935330    
   455.000000      0.610030353    
   456.000000      0.612596393    
   457.000000      0.613566101    
   458.000000      0.614014387    
   459.000000      0.613427758    
   460.000000      0.613060892    
   461.000000      0.612234652    
   462.000000      0.611525834    
   463.000000      0.612599909    
   464.000000      0.612349927    
   465.000000      0.613479555    
   466.000000      0.613751173    
   467.000000      0.614577293    
   468.000000      0.615450859    
   469.000000      0.615165651    
   470.000000      0.616686165    
   471.000000      0.617111325    
   472.000000      0.617017806    
   473.000000      0.618425131    
   474.000000      0.616605937    
   475.000000      0.617304265    
   476.000000      0.616591036    
   477.000000      0.616440535    
   478.000000      0.616412818    
   479.000000      0.619178057    
   480.000000      0.618417680    
   481.000000      0.618549407    
   482.000000      0.617246568    
   483.000000      0.616566062    
   484.000000      0.617452323    
   485.000000      0.618871510    
   486.000000      0.621325910    
   487.000000      0.620890319    
   488.000000      0.620123208    
   489.000000      0.618918300    
   490.000000      0.619018257    
   491.000000      0.619298995    
   492.000000      0.619912565    
   493.000000      0.619408607    
   494.000000      0.622071326    
   495.000000      0.622160912    
   496.000000      0.621343493    
   497.000000      0.622024775    
   498.000000      0.624080300    
   499.000000      0.620979011    
   500.000000      0.622271776    
   501.000000      0.622325003    
   502.000000      0.622313380    
   503.000000      0.622834265    
   504.000000      0.621865809    
   505.000000      0.621034026    
   506.000000      0.620542645    
   507.000000      0.622215390    
   508.000000      0.623702943    
   509.000000      0.623102307    
   510.000000      0.624187112    
   511.000000      0.624403715    
   512.000000      0.624232411    
   513.000000      0.626786530    
   514.000000      0.626737654    
   515.000000      0.627705991    
   516.000000      0.628552794    
   517.000000      0.629334986    
   518.000000      0.628427386    
   519.000000      0.628978610    
   520.000000      0.626596749    
   521.000000      0.627531052    
   522.000000      0.627371013    
   523.000000      0.628701270    
   524.000000      0.627759337    
   525.000000      0.627663791    
   526.000000      0.627072394    
   527.000000      0.627814353    
   528.000000      0.626937628    
   529.000000      0.627601445    
   530.000000      0.628756046    
   531.000000      0.628292680    
   532.000000      0.628881752    
   533.000000      0.629111588    
   534.000000      0.629485786    
   535.000000      0.627935410    
   536.000000      0.627907276    
   537.000000      0.627716303    
   538.000000      0.627680540    
   539.000000      0.627169847    
   540.000000      0.627687931    
   541.000000      0.629342914    
   542.000000      0.629129469    
   543.000000      0.628728390    
   544.000000      0.629103780    
   545.000000      0.630711615    
   546.000000      0.631258786    
   547.000000      0.631889105    
   548.000000      0.630530059    
   549.000000      0.630788922    
   550.000000      0.631079197    
   551.000000      0.631163657    
   552.000000      0.632033229    
   553.000000      0.633571804    
   554.000000      0.633328617    
   555.000000      0.632629573    
   556.000000      0.634147823    
   557.000000      0.634224176    
   558.000000      0.633242786    
   559.000000      0.634308696    
   560.000000      0.635802805    
   561.000000      0.636640370    
   562.000000      0.636288583    
   563.000000      0.635794044    
   564.000000      0.636523366    
   565.000000      0.638054609    
   566.000000      0.638944149    
   567.000000      0.639401078    
   568.000000      0.638440251    
   569.000000      0.638566494    
   570.000000      0.639557302    
   571.000000      0.640205026    
   572.000000      0.639886558    
   573.000000      0.641763747    
   574.000000      0.644042790    
   575.000000      0.644039452    
   576.000000      0.645241201    
   577.000000      0.644036233    
   578.000000      0.645321727    
   579.000000      0.644662201    
   580.000000      0.645962477    
   581.000000      0.647190511    
   582.000000      0.645952106    
   583.000000      0.646833956    
   584.000000      0.647543013    
   585.000000      0.647978604    
   586.000000      0.647631824    
   587.000000      0.648209214    
   588.000000      0.648363948    
   589.000000      0.648190439    
   590.000000      0.647798002    
   591.000000      0.648326278    
   592.000000      0.649457574    
   593.000000      0.649622858    
   594.000000      0.651753187    
   595.000000      0.653162837    
   596.000000      0.652746260    
   597.000000      0.655248702    
   598.000000      0.657648206    
   599.000000      0.657828331    
   600.000000      0.658033073    
   601.000000      0.657548010    
   602.000000      0.657822967    
   603.000000      0.658124506    
   604.000000      0.658623636    
   605.000000      0.660031796    
   606.000000      0.661097765    
   607.000000      0.662030995    
   608.000000      0.664950788    
   609.000000      0.664736152    
   610.000000      0.665576339    
   611.000000      0.666304410    
   612.000000      0.667818964    
   613.000000      0.669105411    
   614.000000      0.670593441    
   615.000000      0.671104312    
   616.000000      0.672538042    
   617.000000      0.673080087    
   618.000000      0.673020184    
   619.000000      0.674806297    
   620.000000      0.675110519    
   621.000000      0.675240874    
   622.000000      0.675309658    
   623.000000      0.675351739    
   624.000000      0.676852167    
   625.000000      0.677255094    
   626.000000      0.678645074    
   627.000000      0.676579297    
   628.000000      0.677434325    
   629.000000      0.677348197    
   630.000000      0.677532196    
   631.000000      0.676838815    
   632.000000      0.676963866    
   633.000000      0.677069485    
   634.000000      0.677168190    
   635.000000      0.678685486    
   636.000000      0.678806186    
   637.000000      0.680279732    
   638.000000      0.683173895    
   639.000000      0.684894741    
   640.000000      0.683683991    
   641.000000      0.683634579    
   642.000000      0.684139073    
   643.000000      0.683478534    
   644.000000      0.683414161    
   645.000000      0.683380187    
   646.000000      0.683307409    
   647.000000      0.685308814    
   648.000000      0.685425341    
   649.000000      0.686978757    
   650.000000      0.686216354    
   651.000000      0.688021660    
   652.000000      0.687357843    
   653.000000      0.688889861    
   654.000000      0.689386964    
   655.000000      0.689355195    
   656.000000      0.691991746    
   657.000000      0.691127837    
   658.000000      0.690539539    
   659.000000      0.690262377    
   660.000000      0.692443192    
   661.000000      0.693865418    
   662.000000      0.692718565    
   663.000000      0.692873120    
   664.000000      0.694394767    
   665.000000      0.694319904    
   666.000000      0.692290127    
   667.000000      0.693239570    
   668.000000      0.694242835    
   669.000000      0.694807231    
   670.000000      0.695223331    
   671.000000      0.695457518    
   672.000000      0.694795907    
   673.000000      0.695232153    
   674.000000      0.696871758    
   675.000000      0.697130740    
   676.000000      0.697092593    
   677.000000      0.698624909    
   678.000000      0.697772682    
   679.000000      0.700583637    
   680.000000      0.701848924    
   681.000000      0.701977611    
   682.000000      0.703401029    
   683.000000      0.703556716    
   684.000000      0.705954373    
   685.000000      0.706285238    
   686.000000      0.704805851    
   687.000000      0.707181454    
   688.000000      0.707972944    
   689.000000      0.707018673    
   690.000000      0.708849907    
   691.000000      0.707629502    
   692.000000      0.708716571    
   693.000000      0.709460437    
   694.000000      0.708839893    
   695.000000      0.710552633    
   696.000000      0.711229801    
   697.000000      0.711434841    
   698.000000      0.713078618    
   699.000000      0.716638923    
   700.000000      0.715853155    
   701.000000      0.715085328    
   702.000000      0.714742422    
   703.000000      0.716976821    
   704.000000      0.716156602    
   705.000000      0.715457201    
   706.000000      0.715468764    
   707.000000      0.715564847    
   708.000000      0.715835214    
   709.000000      0.714738607    
   710.000000      0.718386352    
   711.000000      0.718509376    
   712.000000      0.716620982    
   713.000000      0.715409398    
   714.000000      0.716788709    
   715.000000      0.716448545    
   716.000000      0.716097414    
   717.000000      0.716563821    
   718.000000      0.716397226    
   719.000000      0.717114925    
   720.000000      0.718482614    
   721.000000      0.718995690    
   722.000000      0.718052626    
   723.000000      0.718004704    
   724.000000      0.717732489    
   725.000000      0.718035460    
   726.000000      0.717092216    
   727.000000      0.717300594    
   728.000000      0.718267918    
   729.000000      0.718291819    
   730.000000      0.718306184    
   731.000000      0.716850936    
   732.000000      0.716473639    
   733.000000      0.715833426    
   734.000000      0.719956100    
   735.000000      0.721064448    
   736.000000      0.720014811    
   737.000000      0.721026421    
   738.000000      0.720535398    
   739.000000      0.718707144    
   740.000000      0.720933437    
   741.000000      0.721223533    
   742.000000      0.721991837    
   743.000000      0.720649242    
   744.000000      0.721389353    
   745.000000      0.720956445    
   746.000000      0.723839343    
   747.000000      0.725993931    
   748.000000      0.725323737    
   749.000000      0.724937737    
   750.000000      0.724336743    
   751.000000      0.726469874    
   752.000000      0.726063848    
   753.000000      0.725619733    
   754.000000      0.726430953    
   755.000000      0.726382375    
   756.000000      0.726065099    
   757.000000      0.726771414    
   758.000000      0.727475703    
   759.000000      0.728227377    
   760.000000      0.726404488    
   761.000000      0.728744268    
   762.000000      0.731536627    
   763.000000      0.735300362    
   764.000000      0.735590279    
   765.000000      0.737088144    
   766.000000      0.736223161    
   767.000000      0.736456692    
   768.000000      0.736946642    
   769.000000      0.736824155    
   770.000000      0.737221241    
   771.000000      0.737327278    
   772.000000      0.738099158    
   773.000000      0.736968577    
   774.000000      0.736586809    
   775.000000      0.737796307    
   776.000000      0.738829195    
   777.000000      0.737899601    
   778.000000      0.738109410    
   779.000000      0.736893356    
   780.000000      0.736959100    
   781.000000      0.736653090    
   782.000000      0.736885488    
   783.000000      0.736400962    
   784.000000      0.739839137    
   785.000000      0.741083980    
   786.000000      0.742873788    
   787.000000      0.744702458    
   788.000000      0.745305538    
   789.000000      0.746345997    
   790.000000      0.746577322    
   791.000000      0.745018542    
   792.000000      0.745312214    
   793.000000      0.744613767    
   794.000000      0.744289160    
   795.000000      0.744270563    
   796.000000      0.744752467    
   797.000000      0.743710399    
   798.000000      0.743925512    
   799.000000      0.744241834    
   800.000000      0.745104790    
   801.000000      0.744198620    
   802.000000      0.745740891    
   803.000000      0.746756315    
   804.000000      0.746347368    
   805.000000      0.745333254    
   806.000000      0.745902419    
   807.000000      0.747060061    
   808.000000      0.747999966    
   809.000000      0.750117898    
   810.000000      0.750255048    
   811.000000      0.749291480    
   812.000000      0.749856651    
   813.000000      0.750786841    
   814.000000      0.748883724    
   815.000000      0.749575734    
   816.000000      0.749941647    
   817.000000      0.751891196    
   818.000000      0.753134191    
   819.000000      0.752486289    
   820.000000      0.750023782    
   821.000000      0.750728309    
   822.000000      0.751374245    
   823.000000      0.751707613    
   824.000000      0.752309263    
   825.000000      0.752406061    
   826.000000      0.752198398    
   827.000000      0.752527177    
   828.000000      0.752403975    
   829.000000      0.754299879    
   830.000000      0.755160332    
   831.000000      0.755814552    
   832.000000      0.754278541    
   833.000000      0.755024254    
   834.000000      0.755247116    
   835.000000      0.755320907    
   836.000000      0.754812002    
   837.000000      0.753365397    
   838.000000      0.754386663    
   839.000000      0.756884217    
   840.000000      0.757728338    
   841.000000      0.757771730    
   842.000000      0.756318450    
   843.000000      0.755652487    
   844.000000      0.757890463    
   845.000000      0.755899787    
   846.000000      0.754995108    
   847.000000      0.753887713    
   848.000000      0.752601385    
   849.000000      0.752630830    
   850.000000      0.752511978    
   851.000000      0.752406478    
   852.000000      0.752202213    
   853.000000      0.751675904    
   854.000000      0.749952972    
   855.000000      0.748308122    
   856.000000      0.747879624    
   857.000000      0.748009801    
   858.000000      0.748919070    
   859.000000      0.747611701    
   860.000000      0.746772945    
   861.000000      0.748223782    
   862.000000      0.750450790    
   863.000000      0.750392020    
   864.000000      0.750212073    
   865.000000      0.748589516    
   866.000000      0.747792244    
   867.000000      0.746425509    
   868.000000      0.748431921    
   869.000000      0.747634888    
   870.000000      0.748529494    
   871.000000      0.749615133    
   872.000000      0.749734461    
   873.000000      0.751399755    
   874.000000      0.750662386    
   875.000000      0.752192497    
   876.000000      0.752335727    
   877.000000      0.750418365    
   878.000000      0.750041902    
   879.000000      0.750355422    
   880.000000      0.751519024    
   881.000000      0.753137231    
   882.000000      0.754815340    
   883.000000      0.755136371    
   884.000000      0.756753802    
   885.000000      0.759017706    
   886.000000      0.760126352    
   887.000000      0.761055052    
   888.000000      0.762120485    
   889.000000      0.763692677    
   890.000000      0.765472710    
   891.000000      0.765249431    
   892.000000      0.764795303    
   893.000000      0.764269471    
   894.000000      0.766793907    
   895.000000      0.765759170    
   896.000000      0.765610397    
   897.000000      0.763475537    
   898.000000      0.764881968    
   899.000000      0.763394594    
   900.000000      0.761579812    
   901.000000      0.759862542    
   902.000000      0.759921968    
   903.000000      0.761442482    
   904.000000      0.763501585    
   905.000000      0.764356613    
   906.000000      0.763631880    
   907.000000      0.763880849    
   908.000000      0.764859080    
   909.000000      0.767002165    
   910.000000      0.767575324    
   911.000000      0.764816165    
   912.000000      0.763392270    
   913.000000      0.764335155    
   914.000000      0.763408124    
   915.000000      0.762356699    
   916.000000      0.761521161    
   917.000000      0.761696696    
   918.000000      0.760697782    
   919.000000      0.760543048    
   920.000000      0.760027587    
   921.000000      0.760873258    
   922.000000      0.764152467    
   923.000000      0.763040066    
   924.000000      0.762857318    
   925.000000      0.761028111    
   926.000000      0.760452032    
   927.000000      0.757997811    
   928.000000      0.756898522    
   929.000000      0.759004474    
   930.000000      0.759461403    
   931.000000      0.759094119    
   932.000000      0.759898067    
   933.000000      0.761812568    
   934.000000      0.762458086    
   935.000000      0.763836503    
   936.000000      0.762060761    
   937.000000      0.762653887    
   938.000000      0.763440788    
   939.000000      0.765719175    
   940.000000      0.767912805    
   941.000000      0.769241452    
   942.000000      0.768129408    
   943.000000      0.766856790    
   944.000000      0.767292142    
   945.000000      0.767101645    
   946.000000      0.765775681    
   947.000000      0.765826166    
   948.000000      0.767006338    
   949.000000      0.769069672    
   950.000000      0.769448638    
   951.000000      0.770550132    
   952.000000      0.767872810    
   953.000000      0.766898572    
   954.000000      0.768057168    
   955.000000      0.768694043    
   956.000000      0.767507255    
   957.000000      0.769655526    
   958.000000      0.770123482    
   959.000000      0.772331893    
   960.000000      0.771042526    
   961.000000      0.775283098    
   962.000000      0.775143981    
   963.000000      0.774598837    
   964.000000      0.776683986    
   965.000000      0.776637137    
   966.000000      0.780335963    
   967.000000      0.779555082    
   968.000000      0.780209541    
   969.000000      0.781658590    
   970.000000      0.781466901    
   971.000000      0.779515803    
   972.000000      0.778861582    
   973.000000      0.780957222    
   974.000000      0.781654298    
   975.000000      0.779359221    
   976.000000      0.781360567    
   977.000000      0.780117154    
   978.000000      0.779229760    
   979.000000      0.777909517    
   980.000000      0.777733445    
   981.000000      0.777821541    
   982.000000      0.778536677    
   983.000000      0.778927207    
   984.000000      0.780832171    
   985.000000      0.781849384    
   986.000000      0.781365037    
   987.000000      0.782107770    
   988.000000      0.782354414    
   989.000000      0.784056664    
   990.000000      0.785680413    
   991.000000      0.786465287    
   992.000000      0.787616134    
   993.000000      0.786583304    
   994.000000      0.786114991    
   995.000000      0.784953535    
   996.000000      0.785384178    
   997.000000      0.784904420    
   998.000000      0.784403801    
   999.000000      0.787481487    
   1000.00000      0.787542939    
