           1  0.322580546    
           2  0.324780345    
           3  0.327642053    
           4  0.329801470    
           5  0.330320626    
           6  0.331280112    
           7  0.332547367    
           8  0.334258735    
           9  0.336438328    
          10  0.338095665    
          11  0.338054061    
          12  0.339896947    
          13  0.341527581    
          14  0.343295038    
          15  0.343619853    
          16  0.344496548    
          17  0.344602972    
          18  0.345860600    
          19  0.347807527    
          20  0.348787218    
          21  0.347735852    
          22  0.348596573    
          23  0.348440945    
          24  0.349949867    
          25  0.352064937    
          26  0.352776647    
          27  0.352600425    
          28  0.352298260    
          29  0.353310406    
          30  0.355514020    
          31  0.356819451    
          32  0.358763516    
          33  0.358863622    
          34  0.359960645    
          35  0.360788345    
          36  0.362725198    
          37  0.363013953    
          38  0.363813877    
          39  0.364862859    
          40  0.365964890    
          41  0.364379823    
          42  0.365241349    
          43  0.365795553    
          44  0.365608782    
          45  0.367465347    
          46  0.368392676    
          47  0.369475305    
          48  0.371498615    
          49  0.371592462    
          50  0.371844023    
          51  0.371996433    
          52  0.372134089    
          53  0.373871952    
          54  0.374950886    
          55  0.375734001    
          56  0.374765426    
          57  0.375023395    
          58  0.376258314    
          59  0.376746178    
          60  0.378899187    
          61  0.379574805    
          62  0.381569117    
          63  0.384110659    
          64  0.384306759    
          65  0.384729147    
          66  0.386539876    
          67  0.387987047    
          68  0.390017152    
          69  0.389957637    
          70  0.392404377    
          71  0.392137975    
          72  0.392391235    
          73  0.392400861    
          74  0.392492443    
          75  0.393670976    
          76  0.394710392    
          77  0.394280761    
          78  0.394864559    
          79  0.396147400    
          80  0.396710366    
          81  0.397576034    
          82  0.399040878    
          83  0.401675880    
          84  0.402122021    
          85  0.402577758    
          86  0.402260303    
          87  0.404067576    
          88  0.406067401    
          89  0.406112850    
          90  0.407133758    
          91  0.408823639    
          92  0.408932596    
          93  0.410335988    
          94  0.411489189    
          95  0.410544991    
          96  0.409989476    
          97  0.410633564    
          98  0.410276979    
          99  0.411142498    
         100  0.413294137    
         101  0.413635820    
         102  0.415677994    
         103  0.416638255    
         104  0.417008221    
         105  0.416859478    
         106  0.416711926    
         107  0.417840540    
         108  0.418469936    
         109  0.419818133    
         110  0.421738416    
         111  0.422798097    
         112  0.423207670    
         113  0.424278766    
         114  0.424405992    
         115  0.425904483    
         116  0.427014649    
         117  0.426980525    
         118  0.427425176    
         119  0.426906139    
         120  0.429132730    
         121  0.429977506    
         122  0.431931317    
         123  0.430867761    
         124  0.431044400    
         125  0.433302164    
         126  0.433159530    
         127  0.433535367    
         128  0.433700502    
         129  0.434882104    
         130  0.436025083    
         131  0.436999202    
         132  0.436669737    
         133  0.437741190    
         134  0.439027548    
         135  0.439644068    
         136  0.440921456    
         137  0.442252666    
         138  0.444379956    
         139  0.444955468    
         140  0.446194321    
         141  0.446814597    
         142  0.447409391    
         143  0.449316591    
         144  0.448386461    
         145  0.449029356    
         146  0.451230764    
         147  0.451784730    
         148  0.452445596    
         149  0.451996267    
         150  0.452966809    
         151  0.453177601    
         152  0.453536004    
         153  0.454535544    
         154  0.456207275    
         155  0.457277894    
         156  0.458275735    
         157  0.459773600    
         158  0.460344493    
         159  0.461801767    
         160  0.462746352    
         161  0.463755876    
         162  0.464829952    
         163  0.465889156    
         164  0.465993583    
         165  0.465199232    
         166  0.465110332    
         167  0.466288149    
         168  0.467032641    
         169  0.467154682    
         170  0.466516256    
         171  0.467447013    
         172  0.468108833    
         173  0.468926281    
         174  0.470672488    
         175  0.470544249    
         176  0.470518172    
         177  0.470851779    
         178  0.469038099    
         179  0.469577998    
         180  0.470112383    
         181  0.471807808    
         182  0.472491741    
         183  0.473500073    
         184  0.472432762    
         185  0.472419977    
         186  0.475399286    
         187  0.474410951    
         188  0.473808736    
         189  0.475633621    
         190  0.474526614    
         191  0.475087166    
         192  0.476794988    
         193  0.475929022    
         194  0.474932849    
         195  0.475871563    
         196  0.477795035    
         197  0.478860646    
         198  0.479207635    
         199  0.482660860    
         200  0.483293474    
         201  0.483291745    
         202  0.482310891    
         203  0.484288901    
         204  0.484786481    
         205  0.487146109    
         206  0.488669276    
         207  0.488863856    
         208  0.489631504    
         209  0.490334719    
         210  0.490989000    
         211  0.493502051    
         212  0.495295137    
         213  0.496824294    
         214  0.498858720    
         215  0.501833975    
         216  0.502130628    
         217  0.501502454    
         218  0.503012180    
         219  0.502215266    
         220  0.504559577    
         221  0.504653692    
         222  0.505831003    
         223  0.506119847    
         224  0.505069137    
         225  0.505510509    
         226  0.506429434    
         227  0.507279813    
         228  0.507127583    
         229  0.508037984    
         230  0.508005440    
         231  0.507895410    
         232  0.509564638    
         233  0.511439741    
         234  0.511186182    
         235  0.510849953    
         236  0.510605216    
         237  0.510850489    
         238  0.511552036    
         239  0.511477947    
         240  0.511806428    
         241  0.512561440    
         242  0.514172196    
         243  0.515369296    
         244  0.515732765    
         245  0.516217470    
         246  0.515945971    
         247  0.516661465    
         248  0.517041206    
         249  0.518142581    
         250  0.518425822    
         251  0.518941700    
         252  0.518241405    
         253  0.519053042    
         254  0.519538522    
         255  0.519811153    
         256  0.519225597    
         257  0.520041466    
         258  0.519739687    
         259  0.519717991    
         260  0.520573258    
         261  0.519325852    
         262  0.520323455    
         263  0.520617306    
         264  0.520581841    
         265  0.520229995    
         266  0.521801770    
         267  0.522621930    
         268  0.524329066    
         269  0.525783420    
         270  0.525864065    
         271  0.527128100    
         272  0.526565611    
         273  0.527111411    
         274  0.527573109    
         275  0.529610753    
         276  0.528710961    
         277  0.528145194    
         278  0.529079437    
         279  0.528952122    
         280  0.529402912    
         281  0.531574130    
         282  0.532940924    
         283  0.532685339    
         284  0.532499433    
         285  0.534058273    
         286  0.535162270    
         287  0.536324859    
         288  0.535601616    
         289  0.536492109    
         290  0.537609994    
         291  0.537859857    
         292  0.538433015    
         293  0.539538026    
         294  0.538907766    
         295  0.539164424    
         296  0.539692283    
         297  0.540033817    
         298  0.541797340    
         299  0.542359889    
         300  0.544636250    
         301  0.544793129    
         302  0.544081986    
         303  0.543751836    
         304  0.543653429    
         305  0.543615937    
         306  0.544119537    
         307  0.544454038    
         308  0.544182241    
         309  0.544562399    
         310  0.545524240    
         311  0.545356095    
         312  0.544680655    
         313  0.545857131    
         314  0.546500921    
         315  0.545541108    
         316  0.545285225    
         317  0.545969069    
         318  0.544590950    
         319  0.545283079    
         320  0.545341551    
         321  0.545163274    
         322  0.547146201    
         323  0.549377382    
         324  0.549470842    
         325  0.550247788    
         326  0.551432490    
         327  0.551099360    
         328  0.552847624    
         329  0.555610240    
         330  0.555770993    
         331  0.555069208    
         332  0.554250538    
         333  0.555011988    
         334  0.556221545    
         335  0.556271911    
         336  0.555430174    
         337  0.556067348    
         338  0.555764794    
         339  0.555704951    
         340  0.555085480    
         341  0.558220923    
         342  0.559946299    
         343  0.559906602    
         344  0.559712946    
         345  0.562294126    
         346  0.562482059    
         347  0.561408281    
         348  0.560823321    
         349  0.559593499    
         350  0.560558200    
         351  0.559976399    
         352  0.560791254    
         353  0.561743140    
         354  0.562796891    
         355  0.562909663    
         356  0.562327445    
         357  0.563070595    
         358  0.565570176    
         359  0.565971911    
         360  0.569402218    
         361  0.569955587    
         362  0.570414066    
         363  0.573438644    
         364  0.572597921    
         365  0.572093427    
         366  0.573990703    
         367  0.576327860    
         368  0.576802254    
         369  0.579872966    
         370  0.581666112    
         371  0.583808541    
         372  0.583928883    
         373  0.586671412    
         374  0.588740468    
         375  0.588733494    
         376  0.588824511    
         377  0.589729130    
         378  0.591216922    
         379  0.592636168    
         380  0.591738880    
         381  0.591452777    
         382  0.592108488    
         383  0.590219378    
         384  0.590894997    
         385  0.591416955    
         386  0.591627181    
         387  0.592225254    
         388  0.591078281    
         389  0.592227995    
         390  0.592528343    
         391  0.594449401    
         392  0.595507145    
         393  0.596120477    
         394  0.595793903    
         395  0.594398797    
         396  0.593972921    
         397  0.594766736    
         398  0.595145345    
         399  0.594665051    
         400  0.595195293    
         401  0.596713364    
         402  0.596164346    
         403  0.595256090    
         404  0.595561504    
         405  0.594412863    
         406  0.593531966    
         407  0.592525303    
         408  0.591618001    
         409  0.594346762    
         410  0.595001876    
         411  0.595817327    
         412  0.595444739    
         413  0.595410287    
         414  0.596349180    
         415  0.596767962    
         416  0.596864343    
         417  0.597180843    
         418  0.596935391    
         419  0.596841991    
         420  0.597024441    
         421  0.597595632    
         422  0.598646462    
         423  0.598955452    
         424  0.599620819    
         425  0.599406958    
         426  0.599094570    
         427  0.598198414    
         428  0.596458614    
         429  0.594267190    
         430  0.594560981    
         431  0.595056415    
         432  0.593970239    
         433  0.594315171    
         434  0.596481621    
         435  0.596984208    
         436  0.595886886    
         437  0.596604526    
         438  0.598947823    
         439  0.598855376    
         440  0.599967539    
         441  0.600702286    
         442  0.600309551    
         443  0.599081278    
         444  0.599817455    
         445  0.601468086    
         446  0.601973474    
         447  0.603762209    
         448  0.605736136    
         449  0.606110573    
         450  0.605279505    
         451  0.605217934    
         452  0.605737448    
         453  0.605419755    
         454  0.605088949    
         455  0.605639219    
         456  0.606333017    
         457  0.605607033    
         458  0.605250537    
         459  0.605617464    
         460  0.606134772    
         461  0.605643451    
         462  0.605988026    
         463  0.605699718    
         464  0.604903340    
         465  0.604045331    
         466  0.602704346    
         467  0.602649033    
         468  0.604132652    
         469  0.605889916    
         470  0.606940269    
         471  0.605902135    
         472  0.605471969    
         473  0.607479393    
         474  0.609001517    
         475  0.609003603    
         476  0.609832942    
         477  0.609706223    
         478  0.608873665    
         479  0.608646989    
         480  0.607437551    
         481  0.609791458    
         482  0.609365225    
         483  0.607737482    
         484  0.611129344    
         485  0.611408234    
         486  0.610014617    
         487  0.610592008    
         488  0.613013685    
         489  0.612900317    
         490  0.612317801    
         491  0.612302899    
         492  0.612627804    
         493  0.614212155    
         494  0.616933703    
         495  0.617199421    
         496  0.616450369    
         497  0.617296994    
         498  0.620904207    
         499  0.620218456    
         500  0.620357454    
         501  0.621647477    
         502  0.622338712    
         503  0.622429430    
         504  0.623175502    
         505  0.622503817    
         506  0.621367812    
         507  0.620384812    
         508  0.621046245    
         509  0.621792972    
         510  0.622124672    
         511  0.623327494    
         512  0.624686897    
         513  0.625898302    
         514  0.625733852    
         515  0.626299381    
         516  0.624535739    
         517  0.625612438    
         518  0.625767529    
         519  0.628333211    
         520  0.631353259    
         521  0.631853640    
         522  0.631928027    
         523  0.631819367    
         524  0.632312775    
         525  0.634946227    
         526  0.635951102    
         527  0.636920154    
         528  0.637690425    
         529  0.638717353    
         530  0.639967740    
         531  0.639947176    
         532  0.640092432    
         533  0.639373183    
         534  0.640041590    
         535  0.640623927    
         536  0.642036438    
         537  0.642196476    
         538  0.643097043    
         539  0.645242512    
         540  0.646062553    
         541  0.647758067    
         542  0.646566808    
         543  0.646047950    
         544  0.645579815    
         545  0.646889985    
         546  0.647154748    
         547  0.648392260    
         548  0.649929225    
         549  0.649468184    
         550  0.650277793    
         551  0.650613189    
         552  0.651323497    
         553  0.651470125    
         554  0.652607322    
         555  0.652118981    
         556  0.652413785    
         557  0.652615905    
         558  0.653128147    
         559  0.654347897    
         560  0.652302206    
         561  0.655180335    
         562  0.655320168    
         563  0.655097783    
         564  0.655716836    
         565  0.654835165    
         566  0.655415893    
         567  0.656973362    
         568  0.657503963    
         569  0.657472551    
         570  0.659245253    
         571  0.659987390    
         572  0.659286737    
         573  0.659437656    
         574  0.658942342    
         575  0.659779847    
         576  0.661880076    
         577  0.661951482    
         578  0.662184060    
         579  0.664840102    
         580  0.662926674    
         581  0.663096845    
         582  0.664094090    
         583  0.661827862    
         584  0.660812020    
         585  0.659589112    
         586  0.660635233    
         587  0.661521077    
         588  0.662493706    
         589  0.664330244    
         590  0.664015412    
         591  0.665112734    
         592  0.664435387    
         593  0.663838387    
         594  0.666313469    
         595  0.668152273    
         596  0.666835308    
         597  0.664891064    
         598  0.665231228    
         599  0.664679766    
         600  0.663371563    
         601  0.660534441    
         602  0.660228968    
         603  0.662019014    
         604  0.661141634    
         605  0.662131250    
         606  0.663278759    
         607  0.662781715    
         608  0.664153397    
         609  0.663698256    
         610  0.663942933    
         611  0.667141676    
         612  0.667776883    
         613  0.669402599    
         614  0.668654382    
         615  0.668233693    
         616  0.667501092    
         617  0.668396592    
         618  0.667988002    
         619  0.668952465    
         620  0.670182645    
         621  0.672219813    
         622  0.672885120    
         623  0.676605880    
         624  0.675857484    
         625  0.673833191    
         626  0.674081862    
         627  0.673988044    
         628  0.674957156    
         629  0.676957667    
         630  0.675940454    
         631  0.676868021    
         632  0.677534163    
         633  0.676867247    
         634  0.676140964    
         635  0.674730122    
         636  0.674387515    
         637  0.675894499    
         638  0.677456558    
         639  0.677421153    
         640  0.676366270    
         641  0.679562151    
         642  0.678772628    
         643  0.679168880    
         644  0.679112315    
         645  0.681649148    
         646  0.680363894    
         647  0.680839241    
         648  0.682947099    
         649  0.682549000    
         650  0.682416737    
         651  0.684111595    
         652  0.684744596    
         653  0.685844898    
         654  0.685771763    
         655  0.684531331    
         656  0.685456634    
         657  0.685342729    
         658  0.684635937    
         659  0.683743656    
         660  0.684804380    
         661  0.689437926    
         662  0.689667881    
         663  0.689408302    
         664  0.690235078    
         665  0.689144909    
         666  0.691158175    
         667  0.693220258    
         668  0.694857538    
         669  0.692923307    
         670  0.695586383    
         671  0.697079003    
         672  0.697731614    
         673  0.696209967    
         674  0.696913898    
         675  0.696309268    
         676  0.694363117    
         677  0.693855107    
         678  0.694803715    
         679  0.697089732    
         680  0.694345772    
         681  0.695701957    
         682  0.697296619    
         683  0.698208809    
         684  0.698436916    
         685  0.699087679    
         686  0.699099481    
         687  0.699774206    
         688  0.700939417    
         689  0.702497661    
         690  0.702812672    
         691  0.703007460    
         692  0.701884568    
         693  0.701469600    
         694  0.703431427    
         695  0.705778360    
         696  0.705159903    
         697  0.707591772    
         698  0.708081365    
         699  0.711118877    
         700  0.710716486    
         701  0.712048590    
         702  0.711566210    
         703  0.710710406    
         704  0.711574316    
         705  0.715885520    
         706  0.715622663    
         707  0.713668764    
         708  0.713696420    
         709  0.713697433    
         710  0.715441644    
         711  0.716742933    
         712  0.719536841    
         713  0.716588259    
         714  0.714525521    
         715  0.717043281    
         716  0.718037426    
         717  0.718121707    
         718  0.718076825    
         719  0.717583656    
         720  0.716138959    
         721  0.714412034    
         722  0.713583708    
         723  0.714624703    
         724  0.714501262    
         725  0.715629458    
         726  0.715286076    
         727  0.716786265    
         728  0.717579007    
         729  0.717896640    
         730  0.715669632    
         731  0.715819180    
         732  0.715958893    
         733  0.715818107    
         734  0.715770662    
         735  0.715182602    
         736  0.715363264    
         737  0.716985762    
         738  0.716017306    
         739  0.716310143    
         740  0.715321898    
         741  0.714407265    
         742  0.714404225    
         743  0.715254903    
         744  0.715265989    
         745  0.715892673    
         746  0.716868162    
         747  0.716596782    
         748  0.715941727    
         749  0.716353893    
         750  0.714185119    
         751  0.714464366    
         752  0.714803755    
         753  0.715325296    
         754  0.714983642    
         755  0.715686798    
         756  0.717021048    
         757  0.719651341    
         758  0.718257129    
         759  0.717543125    
         760  0.715170801    
         761  0.714759767    
         762  0.713841558    
         763  0.711375177    
         764  0.711629272    
         765  0.711373270    
         766  0.711521745    
         767  0.710832059    
         768  0.709558249    
         769  0.710939884    
         770  0.711756766    
         771  0.713247001    
         772  0.712162614    
         773  0.712575674    
         774  0.713878512    
         775  0.714148164    
         776  0.713132262    
         777  0.713975668    
         778  0.714760065    
         779  0.713893652    
         780  0.712272108    
         781  0.710461020    
         782  0.710603178    
         783  0.710938156    
         784  0.710663378    
         785  0.711067021    
         786  0.709827244    
         787  0.709549069    
         788  0.710859954    
         789  0.709693789    
         790  0.709282160    
         791  0.708706915    
         792  0.707832813    
         793  0.707244158    
         794  0.709147453    
         795  0.711100996    
         796  0.711919665    
         797  0.712488592    
         798  0.712888241    
         799  0.713989317    
         800  0.713678896    
         801  0.713037133    
         802  0.713772953    
         803  0.712824464    
         804  0.714172721    
         805  0.713496447    
         806  0.715794146    
         807  0.714819312    
         808  0.715676367    
         809  0.715517521    
         810  0.714929998    
         811  0.715911090    
         812  0.716326654    
         813  0.715391636    
         814  0.715543151    
         815  0.716784060    
         816  0.716206193    
         817  0.716917634    
         818  0.717054427    
         819  0.717343926    
         820  0.717214882    
         821  0.717356801    
         822  0.717498899    
         823  0.716689229    
         824  0.717675745    
         825  0.717441082    
         826  0.718122661    
         827  0.719858766    
         828  0.718676150    
         829  0.718598545    
         830  0.718021274    
         831  0.719512522    
         832  0.719260812    
         833  0.718867421    
         834  0.720002770    
         835  0.720582664    
         836  0.720151901    
         837  0.720228672    
         838  0.723019063    
         839  0.724598765    
         840  0.723792017    
         841  0.725121021    
         842  0.724917412    
         843  0.725094199    
         844  0.726132929    
         845  0.727644324    
         846  0.727396607    
         847  0.730920315    
         848  0.732606232    
         849  0.734401464    
         850  0.735353649    
         851  0.735669971    
         852  0.736600876    
         853  0.736951292    
         854  0.739399791    
         855  0.739741266    
         856  0.739743054    
         857  0.739666700    
         858  0.739871442    
         859  0.740213811    
         860  0.740577877    
         861  0.742164195    
         862  0.742666364    
         863  0.741944373    
         864  0.741249740    
         865  0.740238607    
         866  0.740537882    
         867  0.742509663    
         868  0.743452907    
         869  0.744938433    
         870  0.745803773    
         871  0.745884955    
         872  0.744604051    
         873  0.743536711    
         874  0.743576527    
         875  0.743444979    
         876  0.743556201    
         877  0.743002117    
         878  0.742673397    
         879  0.743071854    
         880  0.743100107    
         881  0.742515981    
         882  0.740591109    
         883  0.740246773    
         884  0.739997745    
         885  0.738962531    
         886  0.739643276    
         887  0.739333212    
         888  0.739049792    
         889  0.737817347    
         890  0.738462150    
         891  0.738272130    
         892  0.739492476    
         893  0.739040315    
         894  0.737282097    
         895  0.737637937    
         896  0.737376332    
         897  0.737845659    
         898  0.736747324    
         899  0.736876965    
         900  0.737887681    
         901  0.737561226    
         902  0.737971008    
         903  0.737548113    
         904  0.737086713    
         905  0.737288475    
         906  0.737335324    
         907  0.736906648    
         908  0.739147663    
         909  0.739484549    
         910  0.741313100    
         911  0.740353167    
         912  0.739907265    
         913  0.741544485    
         914  0.741547287    
         915  0.740747452    
         916  0.741580307    
         917  0.741586864    
         918  0.741653681    
         919  0.742049932    
         920  0.741573632    
         921  0.742234826    
         922  0.742899299    
         923  0.743498802    
         924  0.744280756    
         925  0.745024443    
         926  0.746750414    
         927  0.746555328    
         928  0.746140480    
         929  0.747734427    
         930  0.747121453    
         931  0.747750580    
         932  0.747311652    
         933  0.747516215    
         934  0.749025702    
         935  0.750557005    
         936  0.750804007    
         937  0.749035120    
         938  0.750102162    
         939  0.750749052    
         940  0.749876499    
         941  0.749850094    
         942  0.748908341    
         943  0.749428153    
         944  0.747626245    
         945  0.747791708    
         946  0.749233961    
         947  0.753256142    
         948  0.752111673    
         949  0.751750410    
         950  0.750913262    
         951  0.751258552    
         952  0.753273070    
         953  0.754861832    
         954  0.754789650    
         955  0.755049884    
         956  0.755505681    
         957  0.756494224    
         958  0.754978597    
         959  0.755640268    
         960  0.755984187    
         961  0.754625201    
         962  0.755318642    
         963  0.757759809    
         964  0.757939577    
         965  0.759127140    
         966  0.757567585    
         967  0.757708430    
         968  0.756619632    
         969  0.756606281    
         970  0.756961465    
         971  0.756051898    
         972  0.757366061    
         973  0.758377135    
         974  0.756026983    
         975  0.756947219    
         976  0.755652666    
         977  0.757437050    
         978  0.756324053    
         979  0.758604765    
         980  0.757736504    
         981  0.757335901    
         982  0.758008659    
         983  0.760292053    
         984  0.762514472    
         985  0.764487863    
         986  0.764312148    
         987  0.764738500    
         988  0.766018152    
         989  0.767400026    
         990  0.766247451    
         991  0.766107082    
         992  0.764241397    
         993  0.763668656    
         994  0.764416814    
         995  0.763705730    
         996  0.764736593    
         997  0.768023968    
         998  0.767222166    
         999  0.767018020    
        1000  0.767024100    
