           1  0.333998382    
           2  0.335146159    
           3  0.335481793    
           4  0.337519914    
           5  0.338087052    
           6  0.339304507    
           7  0.339011818    
           8  0.338708609    
           9  0.339506477    
          10  0.340223581    
          11  0.341764897    
          12  0.343200564    
          13  0.344793618    
          14  0.345305353    
          15  0.345285803    
          16  0.346440434    
          17  0.348617077    
          18  0.349819243    
          19  0.351726234    
          20  0.353688270    
          21  0.354502916    
          22  0.356407195    
          23  0.356926262    
          24  0.357147187    
          25  0.359604955    
          26  0.361575216    
          27  0.363618553    
          28  0.364809960    
          29  0.367403835    
          30  0.367782176    
          31  0.368807048    
          32  0.369561076    
          33  0.371213406    
          34  0.371765643    
          35  0.370978504    
          36  0.371753871    
          37  0.372172475    
          38  0.372206897    
          39  0.374082386    
          40  0.375712574    
          41  0.377761006    
          42  0.380825281    
          43  0.380909503    
          44  0.382148981    
          45  0.384582549    
          46  0.384293199    
          47  0.385331303    
          48  0.385591716    
          49  0.386188239    
          50  0.387343884    
          51  0.388520688    
          52  0.390215814    
          53  0.390860111    
          54  0.390603989    
          55  0.390465468    
          56  0.392124295    
          57  0.392942637    
          58  0.393790305    
          59  0.393724978    
          60  0.393796474    
          61  0.394028008    
          62  0.395085037    
          63  0.395637691    
          64  0.396240413    
          65  0.398128092    
          66  0.398132443    
          67  0.400280923    
          68  0.400222868    
          69  0.400687695    
          70  0.401165098    
          71  0.403070956    
          72  0.402590245    
          73  0.403229773    
          74  0.403524458    
          75  0.405407518    
          76  0.404686242    
          77  0.405711561    
          78  0.407419980    
          79  0.408347994    
          80  0.409366965    
          81  0.408159614    
          82  0.409348279    
          83  0.411111832    
          84  0.412142843    
          85  0.413983315    
          86  0.414198041    
          87  0.415009916    
          88  0.413899958    
          89  0.414887011    
          90  0.416588426    
          91  0.417205751    
          92  0.417577595    
          93  0.420026958    
          94  0.420659781    
          95  0.421052366    
          96  0.422099948    
          97  0.422924787    
          98  0.425259531    
          99  0.426662922    
         100  0.425710618    
         101  0.426835656    
         102  0.427644044    
         103  0.429968804    
         104  0.430804253    
         105  0.430959851    
         106  0.432801038    
         107  0.433505893    
         108  0.434918284    
         109  0.434795082    
         110  0.435322762    
         111  0.435717344    
         112  0.436401576    
         113  0.439650297    
         114  0.439717472    
         115  0.440898925    
         116  0.442805171    
         117  0.443731099    
         118  0.444818169    
         119  0.443472415    
         120  0.444295794    
         121  0.445217282    
         122  0.445740730    
         123  0.446680784    
         124  0.446822077    
         125  0.448078513    
         126  0.448357135    
         127  0.449521214    
         128  0.451126784    
         129  0.451673776    
         130  0.451608956    
         131  0.452028424    
         132  0.452826083    
         133  0.454937190    
         134  0.454698950    
         135  0.456464440    
         136  0.457042128    
         137  0.457891464    
         138  0.460111141    
         139  0.461730570    
         140  0.460206389    
         141  0.461022407    
         142  0.460875303    
         143  0.460284799    
         144  0.459722310    
         145  0.461050659    
         146  0.461530507    
         147  0.461804539    
         148  0.463048637    
         149  0.464211255    
         150  0.464978188    
         151  0.465599149    
         152  0.465862930    
         153  0.464586735    
         154  0.464883953    
         155  0.465596855    
         156  0.466522545    
         157  0.467721283    
         158  0.468490779    
         159  0.469105214    
         160  0.468385220    
         161  0.469992310    
         162  0.471152633    
         163  0.470499218    
         164  0.472439408    
         165  0.473868817    
         166  0.474221110    
         167  0.474673450    
         168  0.475639731    
         169  0.475923300    
         170  0.477089703    
         171  0.477977931    
         172  0.477144063    
         173  0.476808190    
         174  0.477319688    
         175  0.477423728    
         176  0.477193981    
         177  0.478716820    
         178  0.478845954    
         179  0.478278130    
         180  0.480202913    
         181  0.481166154    
         182  0.483402103    
         183  0.483936638    
         184  0.483328462    
         185  0.483297855    
         186  0.483769178    
         187  0.485408813    
         188  0.486707449    
         189  0.486151338    
         190  0.488461614    
         191  0.487794966    
         192  0.488555521    
         193  0.487845451    
         194  0.488015234    
         195  0.489066929    
         196  0.489189088    
         197  0.487117112    
         198  0.487347722    
         199  0.487984270    
         200  0.488627613    
         201  0.489175707    
         202  0.490930766    
         203  0.490862697    
         204  0.491309226    
         205  0.492106467    
         206  0.492962897    
         207  0.495309711    
         208  0.495831847    
         209  0.496286213    
         210  0.496554554    
         211  0.497846067    
         212  0.499880582    
         213  0.499001652    
         214  0.500966847    
         215  0.501175165    
         216  0.502346575    
         217  0.503318906    
         218  0.503880680    
         219  0.503875554    
         220  0.504840314    
         221  0.504955351    
         222  0.504390955    
         223  0.504050374    
         224  0.504846275    
         225  0.505728126    
         226  0.508661866    
         227  0.509401202    
         228  0.510104656    
         229  0.510022461    
         230  0.509979904    
         231  0.510593176    
         232  0.510182798    
         233  0.510506451    
         234  0.511296988    
         235  0.511283934    
         236  0.510064781    
         237  0.511044264    
         238  0.511288941    
         239  0.509941220    
         240  0.510135710    
         241  0.510455906    
         242  0.512593329    
         243  0.513328791    
         244  0.515813291    
         245  0.514726877    
         246  0.513165832    
         247  0.512969255    
         248  0.514119089    
         249  0.514263570    
         250  0.514253676    
         251  0.513197124    
         252  0.513737321    
         253  0.512921989    
         254  0.514546096    
         255  0.514674783    
         256  0.515058517    
         257  0.517058194    
         258  0.514572382    
         259  0.514854252    
         260  0.515120327    
         261  0.516184866    
         262  0.516886592    
         263  0.514502585    
         264  0.517056525    
         265  0.516858399    
         266  0.517966926    
         267  0.518436074    
         268  0.519030809    
         269  0.520355701    
         270  0.521599233    
         271  0.520942390    
         272  0.520754874    
         273  0.520059824    
         274  0.519464970    
         275  0.519813120    
         276  0.520063996    
         277  0.519147158    
         278  0.520733356    
         279  0.521157801    
         280  0.521173894    
         281  0.521148622    
         282  0.522741497    
         283  0.524844229    
         284  0.525375307    
         285  0.525432944    
         286  0.525445461    
         287  0.525043368    
         288  0.526324868    
         289  0.526353776    
         290  0.527141690    
         291  0.527683854    
         292  0.527665436    
         293  0.528375566    
         294  0.528005123    
         295  0.530273616    
         296  0.530445039    
         297  0.529441714    
         298  0.531735182    
         299  0.531629384    
         300  0.533167720    
         301  0.533027172    
         302  0.535393894    
         303  0.536457360    
         304  0.536791205    
         305  0.537126064    
         306  0.537124038    
         307  0.537151515    
         308  0.537628353    
         309  0.539199114    
         310  0.538831115    
         311  0.538795590    
         312  0.539347589    
         313  0.541120350    
         314  0.540448606    
         315  0.540401578    
         316  0.540912509    
         317  0.542933762    
         318  0.543282866    
         319  0.543639600    
         320  0.545281529    
         321  0.545559585    
         322  0.545295179    
         323  0.546350241    
         324  0.547000945    
         325  0.545495450    
         326  0.546189189    
         327  0.547058523    
         328  0.547250986    
         329  0.550025046    
         330  0.550124943    
         331  0.550992250    
         332  0.552485764    
         333  0.552850187    
         334  0.552495360    
         335  0.553410530    
         336  0.554974496    
         337  0.554616332    
         338  0.554976881    
         339  0.555122077    
         340  0.555383623    
         341  0.557391882    
         342  0.558192492    
         343  0.558938622    
         344  0.557462871    
         345  0.559588492    
         346  0.559958279    
         347  0.561876535    
         348  0.563552618    
         349  0.564383447    
         350  0.565697432    
         351  0.567165852    
         352  0.567605495    
         353  0.568175972    
         354  0.568658590    
         355  0.568590522    
         356  0.569203317    
         357  0.568040550    
         358  0.568737447    
         359  0.568869650    
         360  0.569252729    
         361  0.570063055    
         362  0.570375323    
         363  0.571615815    
         364  0.572541237    
         365  0.573189557    
         366  0.573216736    
         367  0.573442161    
         368  0.575705230    
         369  0.575028896    
         370  0.575335801    
         371  0.576180637    
         372  0.577002943    
         373  0.577759027    
         374  0.578619778    
         375  0.579719961    
         376  0.582388520    
         377  0.581237316    
         378  0.580413699    
         379  0.582575738    
         380  0.584767580    
         381  0.586754680    
         382  0.588154197    
         383  0.588243067    
         384  0.587624669    
         385  0.587073267    
         386  0.586570382    
         387  0.585262716    
         388  0.584878683    
         389  0.584852993    
         390  0.585267782    
         391  0.584042966    
         392  0.584786773    
         393  0.586115897    
         394  0.585858464    
         395  0.585538447    
         396  0.586653173    
         397  0.587401807    
         398  0.586720347    
         399  0.588594079    
         400  0.588360071    
         401  0.592211902    
         402  0.593562663    
         403  0.593014479    
         404  0.593734741    
         405  0.595496297    
         406  0.597228587    
         407  0.598020136    
         408  0.597743273    
         409  0.598175049    
         410  0.598133028    
         411  0.597718954    
         412  0.597368300    
         413  0.598230183    
         414  0.598567069    
         415  0.600523829    
         416  0.600196064    
         417  0.599978566    
         418  0.602330387    
         419  0.602770567    
         420  0.602574944    
         421  0.602844119    
         422  0.602570415    
         423  0.602755785    
         424  0.603369117    
         425  0.604977369    
         426  0.603562951    
         427  0.603659213    
         428  0.604701579    
         429  0.605335236    
         430  0.605655313    
         431  0.606104016    
         432  0.604264677    
         433  0.604969323    
         434  0.604983270    
         435  0.606088459    
         436  0.606350780    
         437  0.605647624    
         438  0.606302857    
         439  0.605927825    
         440  0.606965661    
         441  0.605334163    
         442  0.606911898    
         443  0.608634233    
         444  0.609337687    
         445  0.610722423    
         446  0.610215366    
         447  0.610186458    
         448  0.609765947    
         449  0.610242188    
         450  0.611562908    
         451  0.612365723    
         452  0.612085283    
         453  0.611230016    
         454  0.610498071    
         455  0.611128092    
         456  0.611626506    
         457  0.610693634    
         458  0.610430777    
         459  0.610378921    
         460  0.610558033    
         461  0.612127483    
         462  0.613778651    
         463  0.612628222    
         464  0.613051116    
         465  0.613639057    
         466  0.612327278    
         467  0.612037301    
         468  0.612388909    
         469  0.614828765    
         470  0.615669549    
         471  0.614922583    
         472  0.614324450    
         473  0.614743412    
         474  0.614059687    
         475  0.615548849    
         476  0.614403665    
         477  0.613616645    
         478  0.613565445    
         479  0.615416527    
         480  0.615106165    
         481  0.615278780    
         482  0.615325630    
         483  0.614353061    
         484  0.615481436    
         485  0.616512239    
         486  0.615587831    
         487  0.615759730    
         488  0.616624475    
         489  0.618690073    
         490  0.617615819    
         491  0.617945015    
         492  0.618159890    
         493  0.616716385    
         494  0.616399646    
         495  0.615480363    
         496  0.618478477    
         497  0.619072199    
         498  0.617824376    
         499  0.619784057    
         500  0.620343268    
         501  0.621507764    
         502  0.621410012    
         503  0.622648120    
         504  0.622005522    
         505  0.622865438    
         506  0.622254074    
         507  0.624177814    
         508  0.624989331    
         509  0.625685394    
         510  0.625376940    
         511  0.624855638    
         512  0.623531759    
         513  0.622471809    
         514  0.623696446    
         515  0.625229597    
         516  0.623710811    
         517  0.623595297    
         518  0.622191429    
         519  0.623083711    
         520  0.622291803    
         521  0.622748554    
         522  0.623931706    
         523  0.625508666    
         524  0.625518382    
         525  0.625868440    
         526  0.627751708    
         527  0.627206624    
         528  0.627678573    
         529  0.626165330    
         530  0.627798617    
         531  0.626855016    
         532  0.627525508    
         533  0.629486263    
         534  0.630696356    
         535  0.631931841    
         536  0.633210957    
         537  0.635235250    
         538  0.635857821    
         539  0.635707080    
         540  0.634817421    
         541  0.635317922    
         542  0.635379136    
         543  0.636478305    
         544  0.635636508    
         545  0.634945333    
         546  0.633786082    
         547  0.634486616    
         548  0.636394024    
         549  0.636509538    
         550  0.635843873    
         551  0.635481358    
         552  0.636555851    
         553  0.637208700    
         554  0.637161076    
         555  0.638009191    
         556  0.639499843    
         557  0.639916360    
         558  0.642907441    
         559  0.645033062    
         560  0.644468725    
         561  0.644625723    
         562  0.644544840    
         563  0.647235155    
         564  0.646934330    
         565  0.646907330    
         566  0.646499872    
         567  0.644919515    
         568  0.646012604    
         569  0.646259010    
         570  0.648115516    
         571  0.650262654    
         572  0.650118291    
         573  0.650527775    
         574  0.650807083    
         575  0.651367366    
         576  0.653016388    
         577  0.653062582    
         578  0.653950870    
         579  0.654766381    
         580  0.655752182    
         581  0.657220364    
         582  0.657339633    
         583  0.659574032    
         584  0.660251558    
         585  0.660586596    
         586  0.660120547    
         587  0.659032941    
         588  0.659223557    
         589  0.659393489    
         590  0.658072948    
         591  0.658529699    
         592  0.659025371    
         593  0.658801138    
         594  0.658875406    
         595  0.660748482    
         596  0.661450863    
         597  0.664323866    
         598  0.663014770    
         599  0.663950980    
         600  0.662975192    
         601  0.662690282    
         602  0.664925754    
         603  0.664698720    
         604  0.664639056    
         605  0.664969802    
         606  0.664553583    
         607  0.663838327    
         608  0.665109992    
         609  0.663837194    
         610  0.664629221    
         611  0.664509654    
         612  0.662332237    
         613  0.661725581    
         614  0.664007187    
         615  0.663217008    
         616  0.663352966    
         617  0.663509905    
         618  0.662477553    
         619  0.663733184    
         620  0.663147569    
         621  0.662545741    
         622  0.664423108    
         623  0.664543688    
         624  0.663531065    
         625  0.664095759    
         626  0.664398551    
         627  0.666193187    
         628  0.664592087    
         629  0.665148318    
         630  0.665298939    
         631  0.666557074    
         632  0.666790307    
         633  0.667653859    
         634  0.667871892    
         635  0.669948757    
         636  0.670852184    
         637  0.672685504    
         638  0.672998488    
         639  0.674177587    
         640  0.674554229    
         641  0.674940586    
         642  0.674674690    
         643  0.674154520    
         644  0.674775004    
         645  0.673615634    
         646  0.672579825    
         647  0.671171904    
         648  0.669661164    
         649  0.669254124    
         650  0.667739987    
         651  0.667236447    
         652  0.667367518    
         653  0.666690171    
         654  0.667365968    
         655  0.666914284    
         656  0.667749524    
         657  0.666460872    
         658  0.666795611    
         659  0.666017532    
         660  0.664770663    
         661  0.664890170    
         662  0.664701879    
         663  0.665440679    
         664  0.664504766    
         665  0.665724218    
         666  0.665551603    
         667  0.663429797    
         668  0.665859878    
         669  0.665028453    
         670  0.666618884    
         671  0.665450454    
         672  0.664664030    
         673  0.665888429    
         674  0.667412817    
         675  0.669225931    
         676  0.668578744    
         677  0.669510722    
         678  0.669419050    
         679  0.671034932    
         680  0.671265841    
         681  0.672430933    
         682  0.670469701    
         683  0.672265589    
         684  0.672653019    
         685  0.674216032    
         686  0.673107684    
         687  0.675783873    
         688  0.676423550    
         689  0.677134871    
         690  0.677603602    
         691  0.678832054    
         692  0.679841638    
         693  0.678855360    
         694  0.679173648    
         695  0.680041015    
         696  0.679746568    
         697  0.679239213    
         698  0.680339634    
         699  0.680310607    
         700  0.681527197    
         701  0.680524051    
         702  0.680326462    
         703  0.681231678    
         704  0.681393087    
         705  0.681276321    
         706  0.683615386    
         707  0.684315622    
         708  0.684150040    
         709  0.683547318    
         710  0.683045924    
         711  0.684898973    
         712  0.684606791    
         713  0.685722649    
         714  0.686624169    
         715  0.685894310    
         716  0.684881985    
         717  0.684841275    
         718  0.684514642    
         719  0.685526967    
         720  0.684688687    
         721  0.685014904    
         722  0.686446428    
         723  0.685733616    
         724  0.687145412    
         725  0.686512470    
         726  0.685180247    
         727  0.686156034    
         728  0.686150670    
         729  0.685703754    
         730  0.686374128    
         731  0.687391400    
         732  0.687448859    
         733  0.689202487    
         734  0.688137591    
         735  0.689119458    
         736  0.689591944    
         737  0.688431740    
         738  0.689481080    
         739  0.689486206    
         740  0.687877417    
         741  0.689085126    
         742  0.688424051    
         743  0.688897252    
         744  0.690101147    
         745  0.689191043    
         746  0.688230932    
         747  0.690292418    
         748  0.692434609    
         749  0.692561865    
         750  0.692706645    
         751  0.692815423    
         752  0.693134844    
         753  0.693146050    
         754  0.691940725    
         755  0.692670703    
         756  0.692331731    
         757  0.691892087    
         758  0.691638708    
         759  0.693170667    
         760  0.692846179    
         761  0.694129527    
         762  0.694603086    
         763  0.693399191    
         764  0.693412304    
         765  0.694455087    
         766  0.694190145    
         767  0.692288280    
         768  0.693417728    
         769  0.692745507    
         770  0.694231808    
         771  0.697446048    
         772  0.697765827    
         773  0.699906170    
         774  0.700279236    
         775  0.702833056    
         776  0.702541232    
         777  0.702779293    
         778  0.703258097    
         779  0.703284919    
         780  0.703703642    
         781  0.702563405    
         782  0.703177273    
         783  0.702019274    
         784  0.703023314    
         785  0.702037871    
         786  0.701690912    
         787  0.701787710    
         788  0.701707661    
         789  0.702334940    
         790  0.702280998    
         791  0.702669740    
         792  0.703754425    
         793  0.703796208    
         794  0.704358995    
         795  0.706113636    
         796  0.705882132    
         797  0.706744730    
         798  0.708201110    
         799  0.709552824    
         800  0.707974136    
         801  0.708448887    
         802  0.708265662    
         803  0.709357917    
         804  0.709158778    
         805  0.709990323    
         806  0.711503804    
         807  0.711025476    
         808  0.713844895    
         809  0.716025293    
         810  0.714744925    
         811  0.716647208    
         812  0.715954244    
         813  0.716008782    
         814  0.715441823    
         815  0.715649664    
         816  0.715360105    
         817  0.713898242    
         818  0.714106739    
         819  0.714857221    
         820  0.713659883    
         821  0.713208735    
         822  0.712648332    
         823  0.714174509    
         824  0.712408066    
         825  0.713384748    
         826  0.713549018    
         827  0.712791920    
         828  0.712797284    
         829  0.713059902    
         830  0.713300407    
         831  0.712286770    
         832  0.712424040    
         833  0.713681459    
         834  0.713586867    
         835  0.714953601    
         836  0.715760350    
         837  0.718182206    
         838  0.717108428    
         839  0.717177212    
         840  0.717769384    
         841  0.719343424    
         842  0.719660401    
         843  0.720519662    
         844  0.720173240    
         845  0.720940828    
         846  0.719640315    
         847  0.721609950    
         848  0.722679675    
         849  0.722269177    
         850  0.722727358    
         851  0.720512509    
         852  0.721931934    
         853  0.722332597    
         854  0.720980167    
         855  0.721306682    
         856  0.720607340    
         857  0.719789386    
         858  0.720465481    
         859  0.721272588    
         860  0.719883442    
         861  0.721333921    
         862  0.721327841    
         863  0.720884144    
         864  0.722064734    
         865  0.721583366    
         866  0.722107053    
         867  0.723011851    
         868  0.723515749    
         869  0.724259079    
         870  0.727094471    
         871  0.727506518    
         872  0.727324069    
         873  0.727301240    
         874  0.726497352    
         875  0.726931393    
         876  0.727646708    
         877  0.727941751    
         878  0.727756798    
         879  0.727867126    
         880  0.727855623    
         881  0.728250086    
         882  0.728404939    
         883  0.729194939    
         884  0.729708195    
         885  0.730664611    
         886  0.730024815    
         887  0.729980230    
         888  0.730522931    
         889  0.731745481    
         890  0.732321143    
         891  0.733546972    
         892  0.734418333    
         893  0.733068645    
         894  0.733422399    
         895  0.731856585    
         896  0.731756687    
         897  0.732818723    
         898  0.733306229    
         899  0.734677136    
         900  0.734958351    
         901  0.735279202    
         902  0.736149073    
         903  0.735001922    
         904  0.734489977    
         905  0.735448778    
         906  0.735762239    
         907  0.736302853    
         908  0.736469686    
         909  0.735351503    
         910  0.736377895    
         911  0.738255441    
         912  0.740420282    
         913  0.740811288    
         914  0.741616070    
         915  0.743321955    
         916  0.743832767    
         917  0.746209860    
         918  0.746557295    
         919  0.747722983    
         920  0.748413324    
         921  0.749075174    
         922  0.747472346    
         923  0.748095274    
         924  0.749511361    
         925  0.749440074    
         926  0.749879897    
         927  0.751480579    
         928  0.752164602    
         929  0.751802742    
         930  0.753001750    
         931  0.753381729    
         932  0.753867507    
         933  0.753026366    
         934  0.753125012    
         935  0.753102720    
         936  0.753288865    
         937  0.753878176    
         938  0.753077269    
         939  0.753392100    
         940  0.753126025    
         941  0.753324389    
         942  0.753587723    
         943  0.754635572    
         944  0.755588889    
         945  0.756070852    
         946  0.756266356    
         947  0.756591499    
         948  0.757888496    
         949  0.757907987    
         950  0.758108377    
         951  0.760448217    
         952  0.760462463    
         953  0.762819529    
         954  0.761892200    
         955  0.761898160    
         956  0.762339354    
         957  0.762122571    
         958  0.762365282    
         959  0.763389230    
         960  0.762893736    
         961  0.762068629    
         962  0.762004316    
         963  0.763490915    
         964  0.765124202    
         965  0.766865194    
         966  0.768222988    
         967  0.768271744    
         968  0.767177284    
         969  0.768298626    
         970  0.768505514    
         971  0.768135011    
         972  0.767700613    
         973  0.771218181    
         974  0.772805154    
         975  0.772464573    
         976  0.770561337    
         977  0.772825420    
         978  0.775457144    
         979  0.775361240    
         980  0.774521112    
         981  0.772900522    
         982  0.772592843    
         983  0.773125470    
         984  0.776087582    
         985  0.777338982    
         986  0.776685059    
         987  0.777334094    
         988  0.776878119    
         989  0.776414275    
         990  0.776308477    
         991  0.775452554    
         992  0.775398314    
         993  0.776291251    
         994  0.775318503    
         995  0.775331855    
         996  0.774497628    
         997  0.773387969    
         998  0.774599671    
         999  0.773482859    
        1000  0.773728848    
